# QE response calculated from the lensit 10-11 box structure and using lensed Cls as QE weights
# L          RL
   14 9.365965e+11
   20 3.740583e+12
   28 1.492072e+13
   31 2.328202e+13
   40 5.936244e+13
   42 7.503102e+13
   44 9.250792e+13
   51 1.557196e+14
   56 2.349607e+14
   58 2.649023e+14
   60 2.965960e+14
   63 3.652237e+14
   70 5.670269e+14
   72 6.125267e+14
   76 7.591602e+14
   80 9.208996e+14
   82 1.037055e+15
   85 1.159838e+15
   86 1.223676e+15
   89 1.424977e+15
   90 1.495300e+15
   95 1.792795e+15
   99 2.115836e+15
  100 2.200506e+15
  102 2.374573e+15
  103 2.464018e+15
  107 2.934260e+15
  110 3.234842e+15
  113 3.549295e+15
  114 3.657055e+15
  116 3.989545e+15
  120 4.453665e+15
  121 4.634107e+15
  126 5.453102e+15
  127 5.584733e+15
  128 5.717685e+15
  130 6.125161e+15
  133 6.688676e+15
  134 6.833222e+15
  139 7.884197e+15
  140 8.039915e+15
  141 8.355773e+15
  142 8.515876e+15
  144 9.004168e+15
  145 9.336531e+15
  148 9.845704e+15
  150 1.054362e+16
  152 1.108155e+16
  153 1.126350e+16
  155 1.200526e+16
  156 1.219402e+16
  158 1.276830e+16
  160 1.335467e+16
  161 1.375233e+16
  165 1.508138e+16
  170 1.685917e+16
  171 1.712343e+16
  172 1.756849e+16
  173 1.779281e+16
  175 1.870348e+16
  177 1.963463e+16
  179 2.034656e+16
  180 2.082763e+16
  181 2.131369e+16
  184 2.269472e+16
  186 2.356392e+16
  189 2.485812e+16
  190 2.551713e+16
  192 2.672259e+16
  196 2.892801e+16
  197 2.920922e+16
  198 2.977562e+16
  199 3.006056e+16
  200 3.092275e+16
  201 3.150363e+16
  203 3.238411e+16
  204 3.327565e+16
  206 3.448143e+16
  209 3.632635e+16
  210 3.726529e+16
  212 3.853397e+16
  213 3.885432e+16
  214 3.982196e+16
  215 4.080003e+16
  216 4.129354e+16
  220 4.391291e+16
  221 4.499230e+16
  224 4.689536e+16
  226 4.901299e+16
  227 4.936993e+16
  228 5.044725e+16
  229 5.080864e+16
  230 5.226698e+16
  232 5.374323e+16
  233 5.486391e+16
  234 5.561568e+16
  235 5.675258e+16
  237 5.828601e+16
  240 6.101155e+16
  241 6.163246e+16
  242 6.279570e+16
  243 6.419634e+16
  244 6.500636e+16
  247 6.786879e+16
  248 6.828102e+16
  250 7.120768e+16
  251 7.163264e+16
  252 7.290517e+16
  253 7.419135e+16
  255 7.629538e+16
  256 7.767178e+16
  258 7.988154e+16
  260 8.193616e+16
  261 8.302010e+16
  263 8.575398e+16
  264 8.714183e+16
  266 8.899945e+16
  267 9.040474e+16
  269 9.277811e+16
  270 9.468858e+16
  272 9.694315e+16
  273 9.856976e+16
  275 1.005367e+17
  278 1.050313e+17
  279 1.062898e+17
  280 1.080668e+17
  281 1.090903e+17
  282 1.106419e+17
  283 1.124036e+17
  285 1.145450e+17
  286 1.169208e+17
  287 1.174418e+17
  289 1.206532e+17
  290 1.233390e+17
  291 1.249754e+17
  292 1.255252e+17
  295 1.299307e+17
  296 1.316143e+17
  297 1.344311e+17
  298 1.349894e+17
  299 1.366894e+17
  300 1.393193e+17
  301 1.406867e+17
  303 1.438850e+17
  304 1.459264e+17
  305 1.476959e+17
  306 1.494698e+17
  309 1.554611e+17
  310 1.578714e+17
  311 1.588951e+17
  312 1.603222e+17
  313 1.627906e+17
  314 1.652580e+17
  317 1.696372e+17
  318 1.727865e+17
  319 1.753490e+17
  320 1.772414e+17
  321 1.785275e+17
  323 1.829130e+17
  326 1.888631e+17
  327 1.909915e+17
  328 1.943343e+17
  329 1.963248e+17
  330 1.983417e+17
  331 1.997112e+17
  332 2.017302e+17
  333 2.051896e+17
  334 2.072211e+17
  336 2.106975e+17
  337 2.128060e+17
  338 2.155873e+17
  340 2.215168e+17
  341 2.234081e+17
  342 2.267594e+17
  343 2.276942e+17
  345 2.324467e+17
  346 2.349666e+17
  347 2.386845e+17
  348 2.416143e+17
  350 2.458459e+17
  351 2.475644e+17
  352 2.505755e+17
  354 2.569050e+17
  355 2.594875e+17
  357 2.647544e+17
  358 2.686545e+17
  360 2.744799e+17
  361 2.760854e+17
  362 2.784450e+17
  363 2.812331e+17
  364 2.848639e+17
  365 2.888331e+17
  367 2.945208e+17
  368 2.967695e+17
  369 3.002642e+17
  371 3.043773e+17
  372 3.076809e+17
  373 3.102228e+17
  374 3.146317e+17
  375 3.177663e+17
  376 3.219730e+17
  377 3.244853e+17
  378 3.271005e+17
  380 3.339325e+17
  381 3.377767e+17
  382 3.417954e+17
  383 3.435153e+17
  385 3.508272e+17
  387 3.561397e+17
  389 3.638779e+17
  390 3.665846e+17
  391 3.701419e+17
  392 3.738056e+17
  393 3.788099e+17
  394 3.824751e+17
  395 3.857360e+17
  397 3.920173e+17
  398 3.950255e+17
  399 3.999803e+17
  400 4.034062e+17
  401 4.070286e+17
  403 4.147713e+17
  405 4.233437e+17
  406 4.256291e+17
  408 4.340246e+17
  409 4.374227e+17
  411 4.461578e+17
  412 4.504404e+17
  413 4.546525e+17
  414 4.575864e+17
  415 4.616590e+17
  417 4.699807e+17
  418 4.772036e+17
  419 4.818201e+17
  420 4.858352e+17
  421 4.885024e+17
  423 4.950909e+17
  424 5.033568e+17
  425 5.060412e+17
  426 5.103281e+17
  427 5.148789e+17
  428 5.200492e+17
  429 5.222309e+17
  430 5.285438e+17
  431 5.325008e+17
  432 5.375286e+17
  433 5.434773e+17
  434 5.466498e+17
  436 5.574462e+17
  437 5.623188e+17
  439 5.714141e+17
  440 5.745370e+17
  441 5.799381e+17
  442 5.869694e+17
  443 5.897928e+17
  444 5.925687e+17
  445 5.975523e+17
  447 6.104608e+17
  448 6.137948e+17
  450 6.247350e+17
  451 6.284805e+17
  452 6.336120e+17
  453 6.410899e+17
  454 6.457067e+17
  455 6.514615e+17
  456 6.560232e+17
  457 6.603004e+17
  458 6.641590e+17
  459 6.700106e+17
  460 6.746189e+17
  461 6.828450e+17
  462 6.898848e+17
  463 6.934460e+17
  464 6.981808e+17
  465 7.017045e+17
  466 7.088751e+17
  467 7.164527e+17
  468 7.196331e+17
  469 7.268212e+17
  471 7.371824e+17
  472 7.412636e+17
  473 7.491822e+17
  475 7.603617e+17
  476 7.664554e+17
  478 7.767308e+17
  479 7.853351e+17
  481 7.954937e+17
  482 8.012508e+17
  483 8.102066e+17
  484 8.139566e+17
  485 8.172997e+17
  487 8.321736e+17
  488 8.391118e+17
  489 8.448258e+17
  491 8.562250e+17
  492 8.607056e+17
  493 8.690031e+17
  494 8.760454e+17
  495 8.799153e+17
  496 8.863416e+17
  497 8.940955e+17
  498 8.999175e+17
  499 9.070268e+17
  501 9.190079e+17
  502 9.282901e+17
  503 9.330928e+17
  504 9.422471e+17
  506 9.521477e+17
  507 9.593734e+17
  508 9.646653e+17
  509 9.699876e+17
  510 9.801726e+17
  511 9.849109e+17
  512 9.916937e+17
  513 1.001927e+18
  515 1.013328e+18
  516 1.018023e+18
  517 1.027475e+18
  519 1.039586e+18
  520 1.046378e+18
  521 1.055593e+18
  522 1.065402e+18
  523 1.066746e+18
  524 1.078475e+18
  525 1.083186e+18
  526 1.090701e+18
  527 1.099160e+18
  529 1.112949e+18
  530 1.123044e+18
  531 1.127221e+18
  532 1.134825e+18
  533 1.142823e+18
  534 1.149428e+18
  535 1.153588e+18
  536 1.163374e+18
  538 1.177847e+18
  539 1.186586e+18
  540 1.194245e+18
  541 1.203506e+18
  542 1.211581e+18
  543 1.216802e+18
  544 1.226659e+18
  545 1.232831e+18
  547 1.247703e+18
  550 1.272250e+18
  551 1.279877e+18
  552 1.285120e+18
  553 1.294302e+18
  554 1.303839e+18
  555 1.313928e+18
  556 1.315372e+18
  557 1.325515e+18
  558 1.334629e+18
  559 1.342150e+18
  560 1.354502e+18
  561 1.361184e+18
  562 1.368294e+18
  564 1.384388e+18
  565 1.388073e+18
  566 1.399031e+18
  567 1.407973e+18
  568 1.418951e+18
  569 1.424797e+18
  570 1.433277e+18
  571 1.442498e+18
  572 1.448377e+18
  573 1.459545e+18
  574 1.465722e+18
  575 1.478118e+18
  577 1.490760e+18
  578 1.501979e+18
  579 1.507966e+18
  581 1.527662e+18
  582 1.536484e+18
  583 1.546224e+18
  584 1.553430e+18
  585 1.563686e+18
  586 1.568089e+18
  587 1.578747e+18
  588 1.586361e+18
  589 1.600009e+18
  590 1.606031e+18
  591 1.616663e+18
  592 1.622852e+18
  593 1.635761e+18
  595 1.651960e+18
  596 1.658842e+18
  597 1.668869e+18
  598 1.677292e+18
  599 1.690498e+18
  600 1.701237e+18
  601 1.709113e+18
  602 1.717414e+18
  603 1.724473e+18
  604 1.735250e+18
  605 1.746238e+18
  606 1.754042e+18
  608 1.775879e+18
  609 1.782380e+18
  610 1.791633e+18
  611 1.800265e+18
  612 1.808420e+18
  613 1.821497e+18
  614 1.827871e+18
  615 1.839537e+18
  616 1.846816e+18
  617 1.861121e+18
  618 1.865756e+18
  619 1.875461e+18
  620 1.885097e+18
  621 1.899970e+18
  622 1.911045e+18
  623 1.918649e+18
  624 1.925827e+18
  625 1.938418e+18
  626 1.949110e+18
  627 1.961520e+18
  628 1.963550e+18
  629 1.978824e+18
  631 2.000880e+18
  632 2.007325e+18
  633 2.016547e+18
  634 2.029385e+18
  635 2.039853e+18
  636 2.054030e+18
  637 2.057974e+18
  638 2.068669e+18
  639 2.082833e+18
  640 2.093140e+18
  641 2.100084e+18
  642 2.110348e+18
  643 2.122472e+18
  644 2.136266e+18
  645 2.147342e+18
  646 2.157734e+18
  647 2.167176e+18
  648 2.172404e+18
  649 2.186301e+18
  650 2.199673e+18
  651 2.212252e+18
  652 2.221279e+18
  653 2.231659e+18
  654 2.242845e+18
  655 2.253682e+18
  656 2.265412e+18
  657 2.279210e+18
  659 2.298373e+18
  660 2.311823e+18
  661 2.320225e+18
  662 2.329429e+18
  663 2.346697e+18
  664 2.353498e+18
  665 2.368934e+18
  666 2.377432e+18
  667 2.387614e+18
  668 2.401858e+18
  669 2.408532e+18
  670 2.421933e+18
  671 2.438246e+18
  672 2.445471e+18
  673 2.459702e+18
  674 2.464479e+18
  675 2.479920e+18
  676 2.489803e+18
  677 2.505865e+18
  678 2.518787e+18
  679 2.529338e+18
  680 2.543732e+18
  681 2.553641e+18
  682 2.564658e+18
  684 2.588123e+18
  685 2.603242e+18
  686 2.609976e+18
  687 2.626550e+18
  688 2.635791e+18
  689 2.644688e+18
  690 2.659409e+18
  691 2.674474e+18
  692 2.686183e+18
  693 2.696872e+18
  694 2.716605e+18
  695 2.722089e+18
  696 2.731472e+18
  697 2.748358e+18
  698 2.759204e+18
  699 2.777975e+18
  700 2.786507e+18
  701 2.802933e+18
  702 2.807687e+18
  703 2.818682e+18
  704 2.832964e+18
  705 2.849560e+18
  706 2.863040e+18
  707 2.883180e+18
  708 2.895263e+18
  709 2.900234e+18
  710 2.914850e+18
  711 2.929038e+18
  712 2.940405e+18
  713 2.955050e+18
  714 2.963401e+18
  715 2.983218e+18
  716 2.996712e+18
  717 3.009131e+18
  718 3.026858e+18
  719 3.041649e+18
  720 3.047445e+18
  721 3.067909e+18
  722 3.073177e+18
  723 3.086699e+18
  724 3.102611e+18
  725 3.119420e+18
  726 3.132530e+18
  727 3.145616e+18
  728 3.158149e+18
  729 3.173987e+18
  730 3.191579e+18
  731 3.204661e+18
  732 3.209274e+18
  733 3.229487e+18
  734 3.239500e+18
  735 3.256102e+18
  736 3.272642e+18
  737 3.284205e+18
  738 3.299111e+18
  739 3.313741e+18
  740 3.323998e+18
  741 3.347034e+18
  742 3.355275e+18
  743 3.369017e+18
  744 3.380629e+18
  745 3.393680e+18
  746 3.407928e+18
  747 3.422651e+18
  748 3.442260e+18
  749 3.456892e+18
  750 3.472582e+18
  751 3.486309e+18
  752 3.497397e+18
  753 3.516539e+18
  754 3.533493e+18
  755 3.542497e+18
  756 3.557726e+18
  757 3.575280e+18
  758 3.584282e+18
  759 3.596838e+18
  760 3.614208e+18
  761 3.634345e+18
  762 3.643663e+18
  763 3.661162e+18
  764 3.678789e+18
  765 3.697121e+18
  766 3.709494e+18
  767 3.723400e+18
  768 3.742146e+18
  770 3.768095e+18
  771 3.782318e+18
  772 3.795357e+18
  773 3.817273e+18
  774 3.827577e+18
  775 3.845773e+18
  776 3.860531e+18
  777 3.872376e+18
  778 3.894355e+18
  779 3.912266e+18
  780 3.919342e+18
  781 3.935404e+18
  782 3.951304e+18
  783 3.962226e+18
  784 3.982962e+18
  785 3.992332e+18
  786 4.013462e+18
  787 4.034346e+18
  788 4.043346e+18
  789 4.064454e+18
  790 4.077457e+18
  791 4.088455e+18
  792 4.110493e+18
  793 4.125575e+18
  794 4.140969e+18
  795 4.153140e+18
  796 4.166923e+18
  797 4.184878e+18
  798 4.204236e+18
  799 4.219020e+18
  800 4.235192e+18
  801 4.251345e+18
  802 4.269151e+18
  803 4.280391e+18
  804 4.300929e+18
  805 4.318680e+18
  806 4.330757e+18
  807 4.345893e+18
  808 4.364991e+18
  809 4.379235e+18
  810 4.394266e+18
  811 4.414404e+18
  812 4.429069e+18
  813 4.450616e+18
  814 4.462754e+18
  815 4.474834e+18
  816 4.493741e+18
  817 4.506994e+18
  818 4.524864e+18
  819 4.545365e+18
  820 4.563623e+18
  821 4.579709e+18
  822 4.593785e+18
  823 4.607912e+18
  824 4.630053e+18
  825 4.647437e+18
  826 4.663304e+18
  828 4.695237e+18
  829 4.716716e+18
  830 4.731303e+18
  831 4.750908e+18
  832 4.758579e+18
  833 4.781015e+18
  834 4.791625e+18
  835 4.810311e+18
  836 4.830921e+18
  837 4.842552e+18
  838 4.864376e+18
  839 4.881001e+18
  840 4.901992e+18
  841 4.915893e+18
  842 4.928440e+18
  843 4.943693e+18
  844 4.958823e+18
  845 4.979233e+18
  846 4.990322e+18
  847 5.014486e+18
  848 5.025811e+18
  849 5.050053e+18
  850 5.069803e+18
  851 5.080343e+18
  852 5.099334e+18
  853 5.116203e+18
  855 5.141834e+18
  856 5.166601e+18
  857 5.176862e+18
  858 5.198320e+18
  859 5.218965e+18
  860 5.231136e+18
  861 5.247694e+18
  862 5.267889e+18
  863 5.285514e+18
  864 5.307068e+18
  865 5.319088e+18
  866 5.335905e+18
  867 5.359179e+18
  868 5.370935e+18
  869 5.387425e+18
  870 5.408617e+18
  871 5.424993e+18
  872 5.441534e+18
  873 5.459824e+18
  874 5.476973e+18
  875 5.491757e+18
  876 5.516806e+18
  877 5.527622e+18
  878 5.552797e+18
  879 5.561175e+18
  880 5.583173e+18
  881 5.602125e+18
  882 5.617471e+18
  883 5.629094e+18
  884 5.650380e+18
  885 5.667412e+18
  886 5.684386e+18
  887 5.705134e+18
  888 5.717153e+18
  890 5.753461e+18
  892 5.794922e+18
  893 5.810047e+18
  894 5.822562e+18
  895 5.840611e+18
  896 5.864733e+18
  897 5.882226e+18
  898 5.898294e+18
  899 5.908761e+18
  900 5.934820e+18
  901 5.951180e+18
  902 5.967138e+18
  903 5.981439e+18
  904 6.006768e+18
  905 6.030199e+18
  906 6.042277e+18
  907 6.061553e+18
  908 6.076692e+18
  909 6.092035e+18
  910 6.108524e+18
  911 6.128533e+18
  912 6.149507e+18
  913 6.164280e+18
  914 6.184911e+18
  915 6.197321e+18
  916 6.222258e+18
  918 6.255249e+18
  919 6.272833e+18
  920 6.289259e+18
  921 6.315088e+18
  922 6.329248e+18
  923 6.347143e+18
  924 6.365549e+18
  925 6.387875e+18
  926 6.399643e+18
  927 6.418897e+18
  928 6.441396e+18
  929 6.454220e+18
  930 6.474052e+18
  932 6.513860e+18
  933 6.531199e+18
  934 6.556031e+18
  935 6.570267e+18
  936 6.588176e+18
  937 6.605536e+18
  938 6.630173e+18
  939 6.647814e+18
  940 6.657730e+18
  941 6.678236e+18
  942 6.703843e+18
  943 6.721421e+18
  944 6.739190e+18
  945 6.759767e+18
  946 6.773504e+18
  947 6.801031e+18
  948 6.815050e+18
  949 6.826340e+18
  950 6.851916e+18
  951 6.870890e+18
  952 6.893812e+18
  953 6.910431e+18
  955 6.945395e+18
  956 6.966002e+18
  957 6.987746e+18
  958 7.007984e+18
  959 7.025905e+18
  960 7.041463e+18
  961 7.056263e+18
  962 7.086344e+18
  963 7.102252e+18
  964 7.117427e+18
  965 7.139673e+18
  966 7.159504e+18
  967 7.184002e+18
  968 7.199243e+18
  969 7.212526e+18
  970 7.235868e+18
  971 7.258666e+18
  972 7.278995e+18
  973 7.294803e+18
  974 7.314010e+18
  975 7.333979e+18
  976 7.359114e+18
  977 7.379381e+18
  978 7.397622e+18
  979 7.410614e+18
  980 7.430117e+18
  981 7.453296e+18
  982 7.473530e+18
  983 7.492398e+18
  984 7.516606e+18
  985 7.540713e+18
  986 7.555905e+18
  987 7.573898e+18
  988 7.597049e+18
  989 7.615401e+18
  990 7.635145e+18
  991 7.648520e+18
  992 7.677571e+18
  993 7.695184e+18
  994 7.710071e+18
  995 7.735988e+18
  996 7.754779e+18
  997 7.774908e+18
  998 7.794622e+18
  999 7.815603e+18
 1000 7.843796e+18
 1001 7.856408e+18
 1002 7.882552e+18
 1003 7.903086e+18
 1004 7.920438e+18
 1005 7.943379e+18
 1006 7.969562e+18
 1007 7.979840e+18
 1008 8.001533e+18
 1009 8.022487e+18
 1010 8.046495e+18
 1011 8.064219e+18
 1012 8.086409e+18
 1013 8.106104e+18
 1014 8.131301e+18
 1015 8.143122e+18
 1016 8.174240e+18
 1017 8.200522e+18
 1018 8.215830e+18
 1019 8.225224e+18
 1020 8.265551e+18
 1021 8.273046e+18
 1022 8.299643e+18
 1023 8.321329e+18
 1024 8.341329e+18
 1025 8.368431e+18
 1026 8.386663e+18
 1027 8.404957e+18
 1028 8.432967e+18
 1029 8.451874e+18
 1030 8.470995e+18
 1031 8.484491e+18
 1032 8.510110e+18
 1033 8.537207e+18
 1034 8.551362e+18
 1035 8.575164e+18
 1036 8.599291e+18
 1037 8.619801e+18
 1038 8.643498e+18
 1039 8.671756e+18
 1040 8.684167e+18
 1041 8.701858e+18
 1042 8.732067e+18
 1043 8.749375e+18
 1044 8.776408e+18
 1045 8.800587e+18
 1046 8.818297e+18
 1047 8.839043e+18
 1048 8.854025e+18
 1049 8.880058e+18
 1050 8.903451e+18
 1051 8.927152e+18
 1052 8.950198e+18
 1053 8.977339e+18
 1055 9.012984e+18
 1056 9.040375e+18
 1057 9.048148e+18
 1058 9.079967e+18
 1059 9.101666e+18
 1060 9.129778e+18
 1061 9.148626e+18
 1062 9.176894e+18
 1063 9.194178e+18
 1064 9.216249e+18
 1065 9.239237e+18
 1066 9.257779e+18
 1067 9.282574e+18
 1068 9.294284e+18
 1069 9.325886e+18
 1070 9.345467e+18
 1071 9.372814e+18
 1072 9.394049e+18
 1073 9.413179e+18
 1074 9.439266e+18
 1075 9.451264e+18
 1076 9.484669e+18
 1077 9.503631e+18
 1078 9.522557e+18
 1079 9.554137e+18
 1080 9.577297e+18
 1081 9.592175e+18
 1082 9.613020e+18
 1083 9.637261e+18
 1084 9.662705e+18
 1085 9.683566e+18
 1086 9.712831e+18
 1087 9.727018e+18
 1088 9.761778e+18
 1089 9.778119e+18
 1090 9.799696e+18
 1091 9.820420e+18
 1092 9.845469e+18
 1093 9.863415e+18
 1094 9.884935e+18
 1095 9.908628e+18
 1096 9.933562e+18
 1097 9.955353e+18
 1098 9.981979e+18
 1099 9.997000e+18
 1100 1.002805e+19
 1101 1.004367e+19
 1102 1.008000e+19
 1103 1.009050e+19
 1104 1.011388e+19
 1105 1.013442e+19
 1106 1.015674e+19
 1107 1.018302e+19
 1108 1.020478e+19
 1109 1.022912e+19
 1110 1.025048e+19
 1111 1.027927e+19
 1112 1.029964e+19
 1113 1.032249e+19
 1114 1.033923e+19
 1115 1.035783e+19
 1116 1.039306e+19
 1117 1.040968e+19
 1118 1.043023e+19
 1119 1.044771e+19
 1120 1.048460e+19
 1121 1.050393e+19
 1122 1.052782e+19
 1123 1.054674e+19
 1124 1.057407e+19
 1125 1.060207e+19
 1126 1.062010e+19
 1127 1.063839e+19
 1128 1.066407e+19
 1129 1.067829e+19
 1130 1.070816e+19
 1131 1.073773e+19
 1132 1.075286e+19
 1133 1.076958e+19
 1134 1.079750e+19
 1135 1.081879e+19
 1136 1.084476e+19
 1137 1.086897e+19
 1138 1.089026e+19
 1139 1.091314e+19
 1140 1.093392e+19
 1141 1.096337e+19
 1142 1.099140e+19
 1143 1.100139e+19
 1144 1.102736e+19
 1145 1.105024e+19
 1147 1.109846e+19
 1148 1.112296e+19
 1149 1.113875e+19
 1150 1.116562e+19
 1151 1.118948e+19
 1152 1.120940e+19
 1153 1.122640e+19
 1154 1.124938e+19
 1155 1.127645e+19
 1156 1.129913e+19
 1157 1.131661e+19
 1158 1.134398e+19
 1159 1.136347e+19
 1160 1.139067e+19
 1161 1.141233e+19
 1162 1.144180e+19
 1163 1.145715e+19
 1164 1.148224e+19
 1165 1.151035e+19
 1166 1.153466e+19
 1167 1.155298e+19
 1168 1.156720e+19
 1169 1.159400e+19
 1170 1.162062e+19
 1171 1.164140e+19
 1172 1.166145e+19
 1173 1.168296e+19
 1174 1.171025e+19
 1175 1.172716e+19
 1176 1.176070e+19
 1177 1.177416e+19
 1178 1.179402e+19
 1179 1.182492e+19
 1180 1.184104e+19
 1181 1.186740e+19
 1182 1.188663e+19
 1183 1.191367e+19
 1184 1.193736e+19
 1185 1.196062e+19
 1186 1.197694e+19
 1187 1.200220e+19
 1188 1.202482e+19
 1189 1.204084e+19
 1190 1.206510e+19
 1191 1.209424e+19
 1192 1.211670e+19
 1193 1.213937e+19
 1194 1.215423e+19
 1195 1.218382e+19
 1196 1.220968e+19
 1197 1.223360e+19
 1198 1.225111e+19
 1199 1.227469e+19
 1200 1.229407e+19
 1201 1.231886e+19
 1202 1.233814e+19
 1203 1.236638e+19
 1204 1.239025e+19
 1205 1.240852e+19
 1206 1.243163e+19
 1207 1.245428e+19
 1208 1.247717e+19
 1209 1.250118e+19
 1210 1.252696e+19
 1211 1.254519e+19
 1212 1.256252e+19
 1213 1.259631e+19
 1214 1.260879e+19
 1215 1.263528e+19
 1216 1.266205e+19
 1217 1.268366e+19
 1218 1.270184e+19
 1219 1.273062e+19
 1220 1.275073e+19
 1221 1.277271e+19
 1222 1.279564e+19
 1223 1.282124e+19
 1224 1.284165e+19
 1225 1.286328e+19
 1226 1.288279e+19
 1227 1.290748e+19
 1228 1.292773e+19
 1229 1.295196e+19
 1230 1.297469e+19
 1231 1.299737e+19
 1232 1.303057e+19
 1233 1.304816e+19
 1234 1.307547e+19
 1235 1.309055e+19
 1236 1.311993e+19
 1237 1.314354e+19
 1238 1.315950e+19
 1239 1.318569e+19
 1240 1.320125e+19
 1241 1.323365e+19
 1242 1.325604e+19
 1243 1.327383e+19
 1244 1.330833e+19
 1245 1.332405e+19
 1246 1.335044e+19
 1247 1.337087e+19
 1248 1.339032e+19
 1249 1.341286e+19
 1250 1.344062e+19
 1251 1.345906e+19
 1252 1.348519e+19
 1253 1.350592e+19
 1254 1.352704e+19
 1255 1.355207e+19
 1256 1.357553e+19
 1257 1.359920e+19
 1258 1.362209e+19
 1259 1.364580e+19
 1260 1.366067e+19
 1261 1.369429e+19
 1262 1.371439e+19
 1263 1.374048e+19
 1264 1.376479e+19
 1265 1.379236e+19
 1266 1.380285e+19
 1267 1.382569e+19
 1268 1.385494e+19
 1269 1.387982e+19
 1270 1.390488e+19
 1271 1.392583e+19
 1272 1.394645e+19
 1273 1.397252e+19
 1274 1.399478e+19
 1275 1.401522e+19
 1276 1.403974e+19
 1277 1.406201e+19
 1278 1.408239e+19
 1279 1.411149e+19
 1280 1.413045e+19
 1281 1.415321e+19
 1282 1.418111e+19
 1283 1.420510e+19
 1284 1.422772e+19
 1285 1.425849e+19
 1286 1.427401e+19
 1287 1.430000e+19
 1288 1.432361e+19
 1289 1.434503e+19
 1290 1.436968e+19
 1291 1.439068e+19
 1292 1.441970e+19
 1293 1.444145e+19
 1294 1.445936e+19
 1295 1.449070e+19
 1296 1.450845e+19
 1297 1.453514e+19
 1298 1.455780e+19
 1299 1.459261e+19
 1300 1.460301e+19
 1301 1.462887e+19
 1302 1.464594e+19
 1303 1.467717e+19
 1304 1.470383e+19
 1305 1.472718e+19
 1306 1.474470e+19
 1307 1.476852e+19
 1308 1.480117e+19
 1309 1.482152e+19
 1310 1.484762e+19
 1311 1.486352e+19
 1312 1.489514e+19
 1313 1.492014e+19
 1314 1.494083e+19
 1315 1.496558e+19
 1316 1.498961e+19
 1317 1.500938e+19
 1318 1.503517e+19
 1319 1.505866e+19
 1320 1.508665e+19
 1321 1.511100e+19
 1322 1.513590e+19
 1323 1.515810e+19
 1324 1.517900e+19
 1325 1.520593e+19
 1326 1.522382e+19
 1327 1.525316e+19
 1328 1.527978e+19
 1329 1.529940e+19
 1330 1.532602e+19
 1331 1.535193e+19
 1332 1.536991e+19
 1333 1.539437e+19
 1334 1.542205e+19
 1335 1.544290e+19
 1336 1.546873e+19
 1337 1.549438e+19
 1338 1.551418e+19
 1339 1.554986e+19
 1340 1.556492e+19
 1341 1.559139e+19
 1342 1.561582e+19
 1343 1.563806e+19
 1344 1.566285e+19
 1345 1.568841e+19
 1346 1.570144e+19
 1347 1.572979e+19
 1348 1.576056e+19
 1349 1.578801e+19
 1350 1.580865e+19
 1351 1.583604e+19
 1352 1.585419e+19
 1353 1.587692e+19
 1354 1.590148e+19
 1355 1.592505e+19
 1356 1.594820e+19
 1357 1.597343e+19
 1358 1.599646e+19
 1359 1.602402e+19
 1360 1.605240e+19
 1361 1.607438e+19
 1362 1.609710e+19
 1363 1.612101e+19
 1364 1.614714e+19
 1365 1.617462e+19
 1366 1.619348e+19
 1367 1.621617e+19
 1368 1.624430e+19
 1369 1.626470e+19
 1370 1.628788e+19
 1371 1.631317e+19
 1372 1.633167e+19
 1373 1.636033e+19
 1374 1.638375e+19
 1375 1.640902e+19
 1376 1.643106e+19
 1377 1.645438e+19
 1378 1.647526e+19
 1379 1.650293e+19
 1380 1.651929e+19
 1381 1.654866e+19
 1382 1.657880e+19
 1383 1.660337e+19
 1384 1.662249e+19
 1385 1.665328e+19
 1386 1.667209e+19
 1387 1.669616e+19
 1388 1.672378e+19
 1389 1.674513e+19
 1390 1.676771e+19
 1391 1.678852e+19
 1392 1.681757e+19
 1393 1.683549e+19
 1394 1.685804e+19
 1395 1.688286e+19
 1396 1.690880e+19
 1398 1.695186e+19
 1399 1.698116e+19
 1400 1.700388e+19
 1401 1.702765e+19
 1402 1.704391e+19
 1403 1.707706e+19
 1404 1.709273e+19
 1405 1.712038e+19
 1406 1.714074e+19
 1407 1.716576e+19
 1408 1.718720e+19
 1409 1.721231e+19
 1410 1.723904e+19
 1411 1.726505e+19
 1412 1.729001e+19
 1413 1.731248e+19
 1414 1.732593e+19
 1415 1.735743e+19
 1416 1.738303e+19
 1417 1.740853e+19
 1418 1.741894e+19
 1419 1.744984e+19
 1420 1.747295e+19
 1421 1.749567e+19
 1422 1.751885e+19
 1423 1.754951e+19
 1424 1.756039e+19
 1425 1.757712e+19
 1426 1.760877e+19
 1427 1.763299e+19
 1428 1.765367e+19
 1429 1.768515e+19
 1430 1.770641e+19
 1431 1.772930e+19
 1432 1.774785e+19
 1433 1.777435e+19
 1434 1.779336e+19
 1435 1.781832e+19
 1436 1.784430e+19
 1437 1.786738e+19
 1438 1.787841e+19
 1439 1.791266e+19
 1440 1.793640e+19
 1441 1.795219e+19
 1442 1.797206e+19
 1443 1.800576e+19
 1444 1.802102e+19
 1445 1.804730e+19
 1446 1.806768e+19
 1447 1.809377e+19
 1448 1.811791e+19
 1449 1.813480e+19
 1450 1.816178e+19
 1451 1.818698e+19
 1452 1.820566e+19
 1453 1.822738e+19
 1454 1.825251e+19
 1455 1.826893e+19
 1456 1.829493e+19
 1457 1.831816e+19
 1458 1.834191e+19
 1459 1.836849e+19
 1460 1.838917e+19
 1461 1.841123e+19
 1462 1.843489e+19
 1463 1.846117e+19
 1464 1.847430e+19
 1465 1.849743e+19
 1466 1.851838e+19
 1467 1.853704e+19
 1468 1.857215e+19
 1469 1.858079e+19
 1470 1.861614e+19
 1471 1.863094e+19
 1472 1.865136e+19
 1473 1.868680e+19
 1474 1.870542e+19
 1475 1.872265e+19
 1476 1.874350e+19
 1477 1.876575e+19
 1478 1.878590e+19
 1479 1.880880e+19
 1480 1.882956e+19
 1481 1.885300e+19
 1482 1.888089e+19
 1483 1.890661e+19
 1484 1.892156e+19
 1485 1.894407e+19
 1486 1.896381e+19
 1487 1.899426e+19
 1488 1.901776e+19
 1489 1.903433e+19
 1490 1.905481e+19
 1491 1.907748e+19
 1492 1.909679e+19
 1493 1.912253e+19
 1494 1.914475e+19
 1495 1.916695e+19
 1496 1.918984e+19
 1497 1.920797e+19
 1498 1.923288e+19
 1499 1.925649e+19
 1500 1.927672e+19
 1501 1.930227e+19
 1502 1.932116e+19
 1503 1.934395e+19
 1504 1.936423e+19
 1505 1.938606e+19
 1506 1.940642e+19
 1507 1.943017e+19
 1508 1.945710e+19
 1509 1.947934e+19
 1510 1.949907e+19
 1511 1.952226e+19
 1512 1.954588e+19
 1513 1.956175e+19
 1514 1.958583e+19
 1515 1.961233e+19
 1516 1.963231e+19
 1517 1.965390e+19
 1518 1.967196e+19
 1519 1.970150e+19
 1520 1.971411e+19
 1521 1.974525e+19
 1522 1.976282e+19
 1523 1.978592e+19
 1524 1.980985e+19
 1525 1.983095e+19
 1526 1.985572e+19
 1527 1.987038e+19
 1528 1.989998e+19
 1529 1.991888e+19
 1530 1.994028e+19
 1531 1.996808e+19
 1532 1.998317e+19
 1533 2.001267e+19
 1534 2.003362e+19
 1535 2.005184e+19
 1536 2.007606e+19
 1537 2.010043e+19
 1538 2.011630e+19
 1539 2.014461e+19
 1540 2.017278e+19
 1541 2.018757e+19
 1542 2.021239e+19
 1543 2.023270e+19
 1544 2.025210e+19
 1545 2.028091e+19
 1546 2.029587e+19
 1547 2.032156e+19
 1548 2.034532e+19
 1549 2.036900e+19
 1550 2.039058e+19
 1551 2.041112e+19
 1552 2.043158e+19
 1553 2.046124e+19
 1554 2.048347e+19
 1555 2.050967e+19
 1556 2.052703e+19
 1557 2.054582e+19
 1558 2.056732e+19
 1559 2.059780e+19
 1560 2.061250e+19
 1561 2.063849e+19
 1562 2.065873e+19
 1563 2.068694e+19
 1564 2.070687e+19
 1565 2.073042e+19
 1566 2.074971e+19
 1567 2.077445e+19
 1568 2.079960e+19
 1569 2.081551e+19
 1570 2.083965e+19
 1571 2.086817e+19
 1572 2.088859e+19
 1573 2.091097e+19
 1574 2.093040e+19
 1575 2.095632e+19
 1576 2.097994e+19
 1577 2.099471e+19
 1578 2.101953e+19
 1579 2.104687e+19
 1580 2.107080e+19
 1581 2.108755e+19
 1582 2.111717e+19
 1583 2.113362e+19
 1584 2.116320e+19
 1585 2.118453e+19
 1586 2.120582e+19
 1587 2.123159e+19
 1588 2.125087e+19
 1589 2.127149e+19
 1590 2.129795e+19
 1591 2.132656e+19
 1592 2.134124e+19
 1593 2.136622e+19
 1594 2.138837e+19
 1595 2.141440e+19
 1596 2.143947e+19
 1597 2.145563e+19
 1598 2.147765e+19
 1599 2.150240e+19
 1600 2.153179e+19
 1601 2.154949e+19
 1602 2.157419e+19
 1603 2.159481e+19
 1604 2.162029e+19
 1605 2.164184e+19
 1606 2.166456e+19
 1607 2.168711e+19
 1608 2.171406e+19
 1609 2.174084e+19
 1610 2.176003e+19
 1611 2.177917e+19
 1612 2.180668e+19
 1613 2.182391e+19
 1614 2.185067e+19
 1615 2.187435e+19
 1616 2.189841e+19
 1617 2.191280e+19
 1618 2.193895e+19
 1619 2.196706e+19
 1620 2.198699e+19
 1621 2.200765e+19
 1622 2.202905e+19
 1623 2.205754e+19
 1624 2.208022e+19
 1625 2.210026e+19
 1626 2.213173e+19
 1627 2.214854e+19
 1628 2.217134e+19
 1629 2.220059e+19
 1630 2.221878e+19
 1631 2.223777e+19
 1632 2.226156e+19
 1633 2.228670e+19
 1634 2.230683e+19
 1635 2.233012e+19
 1636 2.235812e+19
 1637 2.237425e+19
 1638 2.239507e+19
 1639 2.242124e+19
 1640 2.244320e+19
 1641 2.246412e+19
 1642 2.248940e+19
 1643 2.251248e+19
 1644 2.253763e+19
 1645 2.256079e+19
 1646 2.257995e+19
 1647 2.260913e+19
 1648 2.263199e+19
 1649 2.265200e+19
 1650 2.267549e+19
 1651 2.270195e+19
 1652 2.271791e+19
 1653 2.274486e+19
 1654 2.276752e+19
 1655 2.278742e+19
 1656 2.281375e+19
 1657 2.283691e+19
 1658 2.285398e+19
 1659 2.287771e+19
 1660 2.290200e+19
 1661 2.292479e+19
 1662 2.295106e+19
 1663 2.297328e+19
 1664 2.299428e+19
 1665 2.301293e+19
 1666 2.303723e+19
 1667 2.306360e+19
 1668 2.307927e+19
 1669 2.309810e+19
 1670 2.312577e+19
 1671 2.315055e+19
 1672 2.316663e+19
 1673 2.318738e+19
 1674 2.321443e+19
 1675 2.323754e+19
 1676 2.325813e+19
 1677 2.328067e+19
 1678 2.330254e+19
 1679 2.332646e+19
 1680 2.334924e+19
 1681 2.337203e+19
 1682 2.339692e+19
 1683 2.340723e+19
 1684 2.344087e+19
 1685 2.345438e+19
 1686 2.348037e+19
 1687 2.350317e+19
 1688 2.352480e+19
 1689 2.354407e+19
 1690 2.356576e+19
 1691 2.358206e+19
 1692 2.360598e+19
 1693 2.362673e+19
 1694 2.365244e+19
 1695 2.367276e+19
 1696 2.369362e+19
 1697 2.371277e+19
 1698 2.374243e+19
 1699 2.376192e+19
 1700 2.378449e+19
 1701 2.380376e+19
 1702 2.382244e+19
 1703 2.384344e+19
 1704 2.386988e+19
 1705 2.389147e+19
 1706 2.390916e+19
 1707 2.393257e+19
 1708 2.395613e+19
 1709 2.397113e+19
 1710 2.399052e+19
 1711 2.401163e+19
 1712 2.403681e+19
 1713 2.405325e+19
 1714 2.408084e+19
 1715 2.410502e+19
 1716 2.412281e+19
 1717 2.414352e+19
 1718 2.416310e+19
 1719 2.418347e+19
 1720 2.420326e+19
 1721 2.422697e+19
 1722 2.425090e+19
 1723 2.427261e+19
 1724 2.428745e+19
 1725 2.430519e+19
 1726 2.432871e+19
 1727 2.434873e+19
 1728 2.437771e+19
 1729 2.439844e+19
 1730 2.441312e+19
 1731 2.443146e+19
 1732 2.445266e+19
 1733 2.447689e+19
 1734 2.449640e+19
 1735 2.451558e+19
 1736 2.453576e+19
 1737 2.455859e+19
 1738 2.457168e+19
 1739 2.459585e+19
 1740 2.462077e+19
 1741 2.463251e+19
 1742 2.466253e+19
 1743 2.468141e+19
 1744 2.469619e+19
 1745 2.471515e+19
 1746 2.473926e+19
 1747 2.475844e+19
 1748 2.478325e+19
 1749 2.480068e+19
 1750 2.482099e+19
 1751 2.483979e+19
 1752 2.485882e+19
 1753 2.488379e+19
 1754 2.490345e+19
 1755 2.492169e+19
 1756 2.494273e+19
 1757 2.496598e+19
 1758 2.498422e+19
 1759 2.500053e+19
 1760 2.502237e+19
 1761 2.503987e+19
 1762 2.506646e+19
 1763 2.508247e+19
 1764 2.510495e+19
 1765 2.512373e+19
 1766 2.514280e+19
 1767 2.516131e+19
 1768 2.518706e+19
 1769 2.520468e+19
 1770 2.522466e+19
 1771 2.524224e+19
 1772 2.526629e+19
 1773 2.528953e+19
 1774 2.530730e+19
 1775 2.532477e+19
 1776 2.534352e+19
 1777 2.536203e+19
 1778 2.538008e+19
 1779 2.540406e+19
 1780 2.542542e+19
 1781 2.544698e+19
 1782 2.546351e+19
 1783 2.548659e+19
 1784 2.551155e+19
 1785 2.552542e+19
 1786 2.554793e+19
 1787 2.556406e+19
 1788 2.558474e+19
 1789 2.560359e+19
 1790 2.562374e+19
 1791 2.564620e+19
 1792 2.566293e+19
 1793 2.568716e+19
 1794 2.571019e+19
 1795 2.572925e+19
 1796 2.574394e+19
 1797 2.576533e+19
 1798 2.578497e+19
 1799 2.580639e+19
 1800 2.583611e+19
 1801 2.584481e+19
 1802 2.586926e+19
 1803 2.589346e+19
 1804 2.591200e+19
 1805 2.592961e+19
 1806 2.595232e+19
 1807 2.596923e+19
 1808 2.599290e+19
 1809 2.601020e+19
 1810 2.602689e+19
 1811 2.605619e+19
 1812 2.606892e+19
 1813 2.609277e+19
 1814 2.611246e+19
 1815 2.613244e+19
 1816 2.615529e+19
 1817 2.617177e+19
 1818 2.619700e+19
 1819 2.621830e+19
 1820 2.624099e+19
 1821 2.625712e+19
 1822 2.628198e+19
 1823 2.629856e+19
 1824 2.632684e+19
 1825 2.634274e+19
 1826 2.636420e+19
 1827 2.638216e+19
 1828 2.640853e+19
 1829 2.642398e+19
 1830 2.644452e+19
 1831 2.646802e+19
 1832 2.649134e+19
 1833 2.650777e+19
 1834 2.653239e+19
 1835 2.655335e+19
 1836 2.657476e+19
 1837 2.659234e+19
 1838 2.661613e+19
 1839 2.663674e+19
 1840 2.665673e+19
 1841 2.667547e+19
 1842 2.670873e+19
 1843 2.672066e+19
 1844 2.674476e+19
 1845 2.676711e+19
 1846 2.678829e+19
 1847 2.680672e+19
 1848 2.683376e+19
 1849 2.685050e+19
 1850 2.687066e+19
 1851 2.689511e+19
 1852 2.691483e+19
 1853 2.693911e+19
 1854 2.695962e+19
 1855 2.698143e+19
 1856 2.700114e+19
 1857 2.702382e+19
 1858 2.704218e+19
 1859 2.706385e+19
 1860 2.709378e+19
 1861 2.711970e+19
 1862 2.713484e+19
 1863 2.714820e+19
 1864 2.717455e+19
 1865 2.719761e+19
 1866 2.721919e+19
 1867 2.724302e+19
 1868 2.726350e+19
 1869 2.728677e+19
 1870 2.731017e+19
 1871 2.733689e+19
 1872 2.735211e+19
 1873 2.737006e+19
 1874 2.740075e+19
 1875 2.741815e+19
 1876 2.743700e+19
 1877 2.746284e+19
 1878 2.748665e+19
 1879 2.750764e+19
 1880 2.753109e+19
 1881 2.754893e+19
 1882 2.757471e+19
 1883 2.759885e+19
 1884 2.762092e+19
 1885 2.764415e+19
 1886 2.766287e+19
 1887 2.768822e+19
 1888 2.770612e+19
 1889 2.772796e+19
 1890 2.774971e+19
 1891 2.777465e+19
 1892 2.779517e+19
 1893 2.781992e+19
 1894 2.784440e+19
 1895 2.786418e+19
 1896 2.788769e+19
 1897 2.791061e+19
 1898 2.793015e+19
 1899 2.795479e+19
 1900 2.797670e+19
 1901 2.800050e+19
 1902 2.802531e+19
 1903 2.804479e+19
 1904 2.806995e+19
 1905 2.808951e+19
 1906 2.811597e+19
 1907 2.813467e+19
 1908 2.816556e+19
 1909 2.817505e+19
 1910 2.819966e+19
 1911 2.822809e+19
 1912 2.824038e+19
 1913 2.827133e+19
 1914 2.828840e+19
 1915 2.831050e+19
 1916 2.833434e+19
 1917 2.835532e+19
 1918 2.838271e+19
 1919 2.839842e+19
 1920 2.842291e+19
 1921 2.844669e+19
 1922 2.846983e+19
 1923 2.849077e+19
 1924 2.851073e+19
 1925 2.853349e+19
 1926 2.855337e+19
 1927 2.858062e+19
 1928 2.860288e+19
 1929 2.862122e+19
 1930 2.864419e+19
 1931 2.866775e+19
 1932 2.869474e+19
 1933 2.870862e+19
 1934 2.873117e+19
 1935 2.875418e+19
 1936 2.877559e+19
 1937 2.879367e+19
 1938 2.881810e+19
 1939 2.884134e+19
 1940 2.886351e+19
 1941 2.888822e+19
 1942 2.890839e+19
 1943 2.892821e+19
 1944 2.894633e+19
 1945 2.897183e+19
 1946 2.899687e+19
 1947 2.901610e+19
 1948 2.903965e+19
 1949 2.905461e+19
 1950 2.907671e+19
 1951 2.909946e+19
 1952 2.912239e+19
 1953 2.914554e+19
 1954 2.916516e+19
 1955 2.918511e+19
 1956 2.921201e+19
 1957 2.922814e+19
 1958 2.924652e+19
 1959 2.927181e+19
 1960 2.929067e+19
 1961 2.931064e+19
 1962 2.933606e+19
 1963 2.935029e+19
 1964 2.937119e+19
 1965 2.939331e+19
 1966 2.941585e+19
 1967 2.943536e+19
 1968 2.945614e+19
 1969 2.948203e+19
 1970 2.949681e+19
 1971 2.951492e+19
 1972 2.953648e+19
 1973 2.955912e+19
 1974 2.958011e+19
 1975 2.959598e+19
 1976 2.961648e+19
 1977 2.963650e+19
 1978 2.965855e+19
 1979 2.968088e+19
 1980 2.970058e+19
 1981 2.971174e+19
 1982 2.973748e+19
 1983 2.975952e+19
 1984 2.978031e+19
 1985 2.979561e+19
 1986 2.981557e+19
 1987 2.983418e+19
 1988 2.985542e+19
 1989 2.986914e+19
 1990 2.989121e+19
 1991 2.991176e+19
 1992 2.993453e+19
 1993 2.995346e+19
 1994 2.997196e+19
 1995 2.998942e+19
 1996 3.000823e+19
 1997 3.003166e+19
 1998 3.004394e+19
 1999 3.006693e+19
 2000 3.008203e+19
 2001 3.010297e+19
 2002 3.012096e+19
 2003 3.014403e+19
 2004 3.015940e+19
 2005 3.017553e+19
 2006 3.019600e+19
 2007 3.021700e+19
 2008 3.023754e+19
 2009 3.025005e+19
 2010 3.026944e+19
 2011 3.028778e+19
 2012 3.030276e+19
 2013 3.032546e+19
 2014 3.033969e+19
 2015 3.036284e+19
 2016 3.038125e+19
 2017 3.039783e+19
 2018 3.041383e+19
 2019 3.043169e+19
 2020 3.045347e+19
 2021 3.047001e+19
 2022 3.048679e+19
 2023 3.050155e+19
 2024 3.052337e+19
 2025 3.054319e+19
 2026 3.055658e+19
 2027 3.057767e+19
 2028 3.058945e+19
 2029 3.060835e+19
 2030 3.062593e+19
 2031 3.064521e+19
 2032 3.066153e+19
 2033 3.067619e+19
 2034 3.069545e+19
 2035 3.071640e+19
 2036 3.072870e+19
 2037 3.074691e+19
 2038 3.076453e+19
 2039 3.078466e+19
 2040 3.080048e+19
 2041 3.081783e+19
 2042 3.083300e+19
 2043 3.084984e+19
 2044 3.086797e+19
 2045 3.088549e+19
 2046 3.090386e+19
 2047 3.092021e+19
 2048 3.094002e+19
 2049 3.095304e+19
 2050 3.097158e+19
 2051 3.098966e+19
 2052 3.100826e+19
 2053 3.102471e+19
 2054 3.104324e+19
 2055 3.105636e+19
 2056 3.107178e+19
 2057 3.109215e+19
 2058 3.110887e+19
 2059 3.112507e+19
 2060 3.114588e+19
 2061 3.116216e+19
 2062 3.117545e+19
 2063 3.118827e+19
 2064 3.121120e+19
 2065 3.122852e+19
 2066 3.124093e+19
 2067 3.125983e+19
 2068 3.128323e+19
 2069 3.129936e+19
 2070 3.131025e+19
 2071 3.133216e+19
 2072 3.134905e+19
 2073 3.136643e+19
 2074 3.138241e+19
 2075 3.139898e+19
 2076 3.141356e+19
 2077 3.143162e+19
 2078 3.145060e+19
 2079 3.146913e+19
 2080 3.148660e+19
 2081 3.150410e+19
 2082 3.152056e+19
 2083 3.153715e+19
 2084 3.155262e+19
 2085 3.157185e+19
 2086 3.158808e+19
 2087 3.160858e+19
 2088 3.162447e+19
 2089 3.164033e+19
 2090 3.166071e+19
 2091 3.167665e+19
 2092 3.169821e+19
 2093 3.171392e+19
 2094 3.173032e+19
 2095 3.175039e+19
 2096 3.176763e+19
 2097 3.178321e+19
 2098 3.180144e+19
 2099 3.181959e+19
 2100 3.183899e+19
 2101 3.185860e+19
 2102 3.187359e+19
 2103 3.189143e+19
 2104 3.191080e+19
 2105 3.193111e+19
 2106 3.194630e+19
 2107 3.196993e+19
 2108 3.198625e+19
 2109 3.200146e+19
 2110 3.202330e+19
 2111 3.204609e+19
 2112 3.205857e+19
 2113 3.207757e+19
 2114 3.209204e+19
 2115 3.211715e+19
 2116 3.213602e+19
 2117 3.215293e+19
 2118 3.217127e+19
 2119 3.219238e+19
 2120 3.221709e+19
 2121 3.223253e+19
 2122 3.224926e+19
 2123 3.227051e+19
 2124 3.229113e+19
 2125 3.231104e+19
 2126 3.233040e+19
 2127 3.234852e+19
 2128 3.236432e+19
 2129 3.238838e+19
 2130 3.240769e+19
 2131 3.242977e+19
 2132 3.245133e+19
 2133 3.246647e+19
 2134 3.249110e+19
 2135 3.251088e+19
 2136 3.252739e+19
 2137 3.254772e+19
 2138 3.256949e+19
 2139 3.258951e+19
 2140 3.261400e+19
 2141 3.262924e+19
 2142 3.265161e+19
 2143 3.267425e+19
 2144 3.269257e+19
 2145 3.271817e+19
 2146 3.273428e+19
 2147 3.275848e+19
 2148 3.277500e+19
 2149 3.279962e+19
 2150 3.281567e+19
 2151 3.284166e+19
 2152 3.286727e+19
 2153 3.288209e+19
 2154 3.290468e+19
 2155 3.292782e+19
 2156 3.295043e+19
 2157 3.296978e+19
 2158 3.298780e+19
 2159 3.301829e+19
 2160 3.304319e+19
 2161 3.306043e+19
 2162 3.308182e+19
 2163 3.310702e+19
 2164 3.312450e+19
 2165 3.315275e+19
 2166 3.317243e+19
 2167 3.319245e+19
 2168 3.321381e+19
 2169 3.323832e+19
 2170 3.326041e+19
 2171 3.328638e+19
 2172 3.330693e+19
 2173 3.333098e+19
 2174 3.335825e+19
 2175 3.337619e+19
 2176 3.340205e+19
 2177 3.342517e+19
 2178 3.344807e+19
 2179 3.346907e+19
 2180 3.349533e+19
 2181 3.351459e+19
 2182 3.354225e+19
 2183 3.356965e+19
 2184 3.357943e+19
 2185 3.361423e+19
 2186 3.363158e+19
 2187 3.365873e+19
 2188 3.367812e+19
 2189 3.370118e+19
 2190 3.372905e+19
 2191 3.375173e+19
 2192 3.377859e+19
 2193 3.380263e+19
 2194 3.382254e+19
 2195 3.384574e+19
 2196 3.387062e+19
 2197 3.389734e+19
 2198 3.392343e+19
 2199 3.394527e+19
 2200 3.396946e+19
 2201 3.398931e+19
 2202 3.401555e+19
 2203 3.404231e+19
 2204 3.406206e+19
 2205 3.409359e+19
 2206 3.411424e+19
 2207 3.413714e+19
 2208 3.415781e+19
 2209 3.418019e+19
 2210 3.421156e+19
 2211 3.423190e+19
 2212 3.425638e+19
 2213 3.428133e+19
 2214 3.431164e+19
 2215 3.433550e+19
 2216 3.435776e+19
 2217 3.438686e+19
 2218 3.440917e+19
 2219 3.443494e+19
 2220 3.445904e+19
 2221 3.448211e+19
 2222 3.450311e+19
 2223 3.452903e+19
 2224 3.455038e+19
 2225 3.458202e+19
 2226 3.460277e+19
 2227 3.462960e+19
 2228 3.465502e+19
 2229 3.467776e+19
 2230 3.470242e+19
 2231 3.473488e+19
 2232 3.475072e+19
 2233 3.477970e+19
 2234 3.480509e+19
 2235 3.482765e+19
 2236 3.484739e+19
 2237 3.487873e+19
 2238 3.490240e+19
 2239 3.492714e+19
 2240 3.495245e+19
 2241 3.497789e+19
 2242 3.499978e+19
 2243 3.502658e+19
 2244 3.504956e+19
 2245 3.507907e+19
 2246 3.509514e+19
 2247 3.512458e+19
 2248 3.515230e+19
 2249 3.517368e+19
 2250 3.519120e+19
 2251 3.522215e+19
 2252 3.523975e+19
 2253 3.526949e+19
 2254 3.530058e+19
 2255 3.532250e+19
 2256 3.534415e+19
 2257 3.536914e+19
 2258 3.539199e+19
 2259 3.541770e+19
 2260 3.544240e+19
 2261 3.546715e+19
 2262 3.548700e+19
 2263 3.552085e+19
 2264 3.554056e+19
 2265 3.556782e+19
 2266 3.558556e+19
 2267 3.560914e+19
 2268 3.564106e+19
 2269 3.566093e+19
 2270 3.568380e+19
 2271 3.571070e+19
 2272 3.573101e+19
 2273 3.575512e+19
 2274 3.578150e+19
 2275 3.579933e+19
 2276 3.582850e+19
 2277 3.585309e+19
 2278 3.587680e+19
 2279 3.590134e+19
 2280 3.592599e+19
 2281 3.594887e+19
 2282 3.597586e+19
 2283 3.599389e+19
 2284 3.602107e+19
 2285 3.604389e+19
 2286 3.606714e+19
 2287 3.608731e+19
 2288 3.611484e+19
 2289 3.613787e+19
 2290 3.616359e+19
 2291 3.618847e+19
 2292 3.620566e+19
 2293 3.623523e+19
 2294 3.625526e+19
 2295 3.628619e+19
 2296 3.630484e+19
 2297 3.632377e+19
 2298 3.635167e+19
 2299 3.637744e+19
 2300 3.640223e+19
 2301 3.642135e+19
 2302 3.644422e+19
 2303 3.646911e+19
 2304 3.648911e+19
 2305 3.651502e+19
 2306 3.653674e+19
 2307 3.656516e+19
 2308 3.658189e+19
 2309 3.660645e+19
 2310 3.662905e+19
 2311 3.665267e+19
 2312 3.667834e+19
 2313 3.669822e+19
 2314 3.672312e+19
 2315 3.674407e+19
 2316 3.676854e+19
 2317 3.679002e+19
 2318 3.681173e+19
 2319 3.684211e+19
 2320 3.686042e+19
 2321 3.687938e+19
 2322 3.690576e+19
 2323 3.693363e+19
 2324 3.695322e+19
 2325 3.697501e+19
 2326 3.699827e+19
 2327 3.702244e+19
 2328 3.704453e+19
 2329 3.706855e+19
 2330 3.708969e+19
 2331 3.711537e+19
 2332 3.713357e+19
 2333 3.716083e+19
 2334 3.718238e+19
 2335 3.720383e+19
 2336 3.722776e+19
 2337 3.725279e+19
 2338 3.727754e+19
 2339 3.730051e+19
 2340 3.732125e+19
 2341 3.734245e+19
 2342 3.736719e+19
 2343 3.739118e+19
 2344 3.741245e+19
 2345 3.743777e+19
 2346 3.746149e+19
 2347 3.748176e+19
 2348 3.750429e+19
 2349 3.753119e+19
 2350 3.755225e+19
 2351 3.758344e+19
 2352 3.759909e+19
 2353 3.762616e+19
 2354 3.764371e+19
 2355 3.766811e+19
 2356 3.769714e+19
 2357 3.771452e+19
 2358 3.774451e+19
 2359 3.776548e+19
 2360 3.778746e+19
 2361 3.780731e+19
 2362 3.783602e+19
 2363 3.786326e+19
 2364 3.788247e+19
 2365 3.790890e+19
 2366 3.792887e+19
 2367 3.795596e+19
 2368 3.797593e+19
 2369 3.800000e+19
 2370 3.802552e+19
 2371 3.805451e+19
 2372 3.807103e+19
 2373 3.809407e+19
 2374 3.812113e+19
 2375 3.814604e+19
 2376 3.817436e+19
 2377 3.820438e+19
 2378 3.822187e+19
 2379 3.825187e+19
 2380 3.827019e+19
 2381 3.829265e+19
 2382 3.831821e+19
 2383 3.834430e+19
 2384 3.837186e+19
 2385 3.839868e+19
 2386 3.842125e+19
 2387 3.844273e+19
 2388 3.847014e+19
 2389 3.849712e+19
 2390 3.852332e+19
 2391 3.855076e+19
 2392 3.857625e+19
 2393 3.860031e+19
 2394 3.862166e+19
 2395 3.864938e+19
 2396 3.867624e+19
 2397 3.869828e+19
 2398 3.872872e+19
 2399 3.875192e+19
 2400 3.877896e+19
 2401 3.880305e+19
 2402 3.883427e+19
 2403 3.886164e+19
 2404 3.888107e+19
 2405 3.891194e+19
 2406 3.893897e+19
 2407 3.896620e+19
 2408 3.898921e+19
 2409 3.902458e+19
 2410 3.904948e+19
 2411 3.907292e+19
 2412 3.909883e+19
 2413 3.912505e+19
 2414 3.916078e+19
 2415 3.917545e+19
 2416 3.921171e+19
 2417 3.923614e+19
 2418 3.926700e+19
 2419 3.929836e+19
 2420 3.931727e+19
 2421 3.934899e+19
 2422 3.937766e+19
 2423 3.939970e+19
 2424 3.943485e+19
 2425 3.945883e+19
 2426 3.949104e+19
 2427 3.951968e+19
 2428 3.955011e+19
 2429 3.957519e+19
 2430 3.960788e+19
 2431 3.963764e+19
 2432 3.966648e+19
 2433 3.969336e+19
 2434 3.972666e+19
 2435 3.974835e+19
 2436 3.978237e+19
 2437 3.981415e+19
 2438 3.984370e+19
 2439 3.987142e+19
 2440 3.990452e+19
 2441 3.993100e+19
 2442 3.996198e+19
 2443 3.999234e+19
 2444 4.002724e+19
 2445 4.005190e+19
 2446 4.008512e+19
 2447 4.011831e+19
 2448 4.014674e+19
 2449 4.017179e+19
 2450 4.020121e+19
 2451 4.023845e+19
 2452 4.026508e+19
 2453 4.029529e+19
 2454 4.032857e+19
 2455 4.035885e+19
 2456 4.038919e+19
 2457 4.041629e+19
 2458 4.045701e+19
 2459 4.049310e+19
 2460 4.052457e+19
 2461 4.055352e+19
 2462 4.058338e+19
 2463 4.062175e+19
 2464 4.065028e+19
 2465 4.068576e+19
 2466 4.071578e+19
 2467 4.074753e+19
 2468 4.077613e+19
 2469 4.081166e+19
 2470 4.084611e+19
 2471 4.086935e+19
 2472 4.091299e+19
 2473 4.093982e+19
 2474 4.097795e+19
 2475 4.100886e+19
 2476 4.103730e+19
 2477 4.107920e+19
 2478 4.110217e+19
 2479 4.114508e+19
 2480 4.117492e+19
 2481 4.121024e+19
 2482 4.124010e+19
 2483 4.127234e+19
 2484 4.131059e+19
 2485 4.134655e+19
 2486 4.137639e+19
 2487 4.140995e+19
 2488 4.144828e+19
 2489 4.148159e+19
 2490 4.151297e+19
 2491 4.154498e+19
 2492 4.158155e+19
 2493 4.161361e+19
 2494 4.164978e+19
 2495 4.168804e+19
 2496 4.171997e+19
 2497 4.175345e+19
 2498 4.179220e+19
 2499 4.182197e+19
 2500 4.185732e+19
 2501 4.188681e+19
 2502 4.192776e+19
 2503 4.196671e+19
 2504 4.200191e+19
 2505 4.203339e+19
 2506 4.207329e+19
 2507 4.209877e+19
 2508 4.213727e+19
 2509 4.217821e+19
 2510 4.220870e+19
 2511 4.224235e+19
 2512 4.227923e+19
 2513 4.231590e+19
 2514 4.235515e+19
 2515 4.238520e+19
 2516 4.242834e+19
 2517 4.246059e+19
 2518 4.249302e+19
 2519 4.252567e+19
 2520 4.256117e+19
 2521 4.259171e+19
 2522 4.263517e+19
 2523 4.268766e+19
 2524 4.270879e+19
 2525 4.274487e+19
 2526 4.278815e+19
 2527 4.281664e+19
 2528 4.285965e+19
 2529 4.288492e+19
 2530 4.292667e+19
 2531 4.296018e+19
 2532 4.300318e+19
 2533 4.302914e+19
 2534 4.306507e+19
 2535 4.311588e+19
 2536 4.314641e+19
 2537 4.317612e+19
 2538 4.321101e+19
 2539 4.324908e+19
 2540 4.328344e+19
 2541 4.332187e+19
 2542 4.336363e+19
 2543 4.340004e+19
 2544 4.343538e+19
 2545 4.346946e+19
 2546 4.351508e+19
 2547 4.354056e+19
 2548 4.358315e+19
 2549 4.361322e+19
 2550 4.365463e+19
 2551 4.368977e+19
 2552 4.372529e+19
 2553 4.376075e+19
 2554 4.379957e+19
 2555 4.383963e+19
 2556 4.387377e+19
 2557 4.390739e+19
 2558 4.394408e+19
 2559 4.397554e+19
 2560 4.401797e+19
 2561 4.405660e+19
 2562 4.408999e+19
 2563 4.412852e+19
 2564 4.417008e+19
 2565 4.420919e+19
 2566 4.425050e+19
 2567 4.427577e+19
 2568 4.431158e+19
 2569 4.435366e+19
 2570 4.439238e+19
 2571 4.442041e+19
 2572 4.445704e+19
 2573 4.449177e+19
 2574 4.454094e+19
 2575 4.457621e+19
 2576 4.461934e+19
 2577 4.465682e+19
 2578 4.468349e+19
 2579 4.472345e+19
 2580 4.476875e+19
 2581 4.479488e+19
 2582 4.483638e+19
 2583 4.487326e+19
 2584 4.490796e+19
 2585 4.494596e+19
 2586 4.498855e+19
 2587 4.502223e+19
 2588 4.506530e+19
 2589 4.510278e+19
 2590 4.514103e+19
 2591 4.518603e+19
 2592 4.521484e+19
 2593 4.524990e+19
 2594 4.529465e+19
 2595 4.532637e+19
 2596 4.536049e+19
 2597 4.540071e+19
 2598 4.542890e+19
 2599 4.547793e+19
 2600 4.551040e+19
 2601 4.554557e+19
 2602 4.558187e+19
 2603 4.562596e+19
 2604 4.566757e+19
 2605 4.570159e+19
 2606 4.574474e+19
 2607 4.577672e+19
 2608 4.582169e+19
 2609 4.585166e+19
 2610 4.589104e+19
 2611 4.593522e+19
 2612 4.597025e+19
 2613 4.600324e+19
 2614 4.604205e+19
 2615 4.608312e+19
 2616 4.612113e+19
 2617 4.616355e+19
 2618 4.621024e+19
 2619 4.623688e+19
 2620 4.627690e+19
 2621 4.631851e+19
 2622 4.635790e+19
 2623 4.639023e+19
 2624 4.642061e+19
 2625 4.646702e+19
 2626 4.650479e+19
 2627 4.654687e+19
 2628 4.658972e+19
 2629 4.661908e+19
 2630 4.667305e+19
 2631 4.670530e+19
 2632 4.673571e+19
 2633 4.677264e+19
 2634 4.682341e+19
 2635 4.685809e+19
 2636 4.690031e+19
 2637 4.693989e+19
 2638 4.697366e+19
 2639 4.700867e+19
 2640 4.705477e+19
 2641 4.709310e+19
 2642 4.713159e+19
 2643 4.717895e+19
 2644 4.721514e+19
 2645 4.725772e+19
 2646 4.729354e+19
 2647 4.732227e+19
 2648 4.737707e+19
 2649 4.740853e+19
 2650 4.745732e+19
 2651 4.749363e+19
 2652 4.753245e+19
 2653 4.756145e+19
 2654 4.760986e+19
 2655 4.765118e+19
 2656 4.768484e+19
 2657 4.773171e+19
 2658 4.777424e+19
 2659 4.780773e+19
 2660 4.785265e+19
 2661 4.789236e+19
 2662 4.793989e+19
 2663 4.798090e+19
 2664 4.801174e+19
 2665 4.805735e+19
 2666 4.809994e+19
 2667 4.813444e+19
 2668 4.818589e+19
 2669 4.823356e+19
 2670 4.826693e+19
 2671 4.831407e+19
 2672 4.834877e+19
 2673 4.838542e+19
 2674 4.842721e+19
 2675 4.846872e+19
 2676 4.851281e+19
 2677 4.856158e+19
 2678 4.860302e+19
 2679 4.864368e+19
 2680 4.868170e+19
 2681 4.872258e+19
 2682 4.877109e+19
 2683 4.881917e+19
 2684 4.885391e+19
 2685 4.890083e+19
 2686 4.893975e+19
 2687 4.898162e+19
 2688 4.903231e+19
 2689 4.907144e+19
 2690 4.911540e+19
 2691 4.915631e+19
 2692 4.919646e+19
 2693 4.923616e+19
 2694 4.928132e+19
 2695 4.931988e+19
 2696 4.937218e+19
 2697 4.941234e+19
 2698 4.944978e+19
 2699 4.950681e+19
 2700 4.953470e+19
 2701 4.959418e+19
 2702 4.963327e+19
 2703 4.968066e+19
 2704 4.971028e+19
 2705 4.976143e+19
 2706 4.981596e+19
 2707 4.985048e+19
 2708 4.989642e+19
 2709 4.993330e+19
 2710 4.997841e+19
 2711 5.002603e+19
 2712 5.007308e+19
 2713 5.012577e+19
 2714 5.016616e+19
 2715 5.020854e+19
 2716 5.025925e+19
 2717 5.029817e+19
 2718 5.033450e+19
 2719 5.038335e+19
 2720 5.043221e+19
 2721 5.047785e+19
 2722 5.052465e+19
 2723 5.056658e+19
 2724 5.061065e+19
 2725 5.065751e+19
 2726 5.070801e+19
 2727 5.075245e+19
 2728 5.079531e+19
 2729 5.084810e+19
 2730 5.089917e+19
 2731 5.093147e+19
 2732 5.097994e+19
 2733 5.102061e+19
 2734 5.107015e+19
 2735 5.111960e+19
 2736 5.117362e+19
 2737 5.121085e+19
 2738 5.125989e+19
 2739 5.130546e+19
 2740 5.134722e+19
 2741 5.139350e+19
 2742 5.144111e+19
 2743 5.149858e+19
 2744 5.154023e+19
 2745 5.157897e+19
 2746 5.162189e+19
 2747 5.167788e+19
 2748 5.172746e+19
 2749 5.176571e+19
 2750 5.182285e+19
 2751 5.186541e+19
 2752 5.191259e+19
 2753 5.195365e+19
 2754 5.200911e+19
 2755 5.205917e+19
 2756 5.209345e+19
 2757 5.214972e+19
 2758 5.219169e+19
 2759 5.224286e+19
 2760 5.227820e+19
 2761 5.233339e+19
 2762 5.238151e+19
 2763 5.243180e+19
 2764 5.248922e+19
 2765 5.252469e+19
 2766 5.258550e+19
 2767 5.262367e+19
 2768 5.267517e+19
 2769 5.272298e+19
 2770 5.276426e+19
 2771 5.281812e+19
 2772 5.286039e+19
 2773 5.290436e+19
 2774 5.295709e+19
 2775 5.300814e+19
 2776 5.305140e+19
 2777 5.310541e+19
 2778 5.314893e+19
 2779 5.319907e+19
 2780 5.325148e+19
 2781 5.329498e+19
 2782 5.334177e+19
 2783 5.340342e+19
 2784 5.344408e+19
 2785 5.349637e+19
 2786 5.354462e+19
 2787 5.358818e+19
 2788 5.363060e+19
 2789 5.368412e+19
 2790 5.374120e+19
 2791 5.378905e+19
 2792 5.383344e+19
 2793 5.388091e+19
 2794 5.393529e+19
 2795 5.396757e+19
 2796 5.402979e+19
 2797 5.408005e+19
 2798 5.412774e+19
 2799 5.417535e+19
 2800 5.421940e+19
 2801 5.427667e+19
 2802 5.432027e+19
 2803 5.436979e+19
 2804 5.441809e+19
 2805 5.446609e+19
 2806 5.452426e+19
 2807 5.456888e+19
 2808 5.461160e+19
 2809 5.466154e+19
 2810 5.471117e+19
 2811 5.476538e+19
 2812 5.480519e+19
 2813 5.485667e+19
 2814 5.490689e+19
 2815 5.496575e+19
 2816 5.500321e+19
 2817 5.505934e+19
 2818 5.510032e+19
 2819 5.514966e+19
 2820 5.520148e+19
 2821 5.525581e+19
 2822 5.529768e+19
 2823 5.534949e+19
 2824 5.540194e+19
 2825 5.544879e+19
 2826 5.549754e+19
 2827 5.555103e+19
 2828 5.559310e+19
 2829 5.565401e+19
 2830 5.570010e+19
 2831 5.575691e+19
 2832 5.578014e+19
 2833 5.584580e+19
 2834 5.589857e+19
 2835 5.595580e+19
 2836 5.599113e+19
 2837 5.604702e+19
 2838 5.610039e+19
 2839 5.614525e+19
 2840 5.619727e+19
 2841 5.624315e+19
 2842 5.629409e+19
 2843 5.635056e+19
 2844 5.639422e+19
 2845 5.643910e+19
 2846 5.649210e+19
 2847 5.654335e+19
 2848 5.658498e+19
 2849 5.663532e+19
 2850 5.668810e+19
 2851 5.674211e+19
 2852 5.678969e+19
 2853 5.683671e+19
 2854 5.689066e+19
 2855 5.693602e+19
 2856 5.698462e+19
 2857 5.705123e+19
 2858 5.708759e+19
 2859 5.714013e+19
 2860 5.718746e+19
 2861 5.724079e+19
 2862 5.728697e+19
 2863 5.733557e+19
 2864 5.739100e+19
 2865 5.743355e+19
 2866 5.748711e+19
 2867 5.753567e+19
 2868 5.758590e+19
 2869 5.763700e+19
 2870 5.767584e+19
 2871 5.773324e+19
 2872 5.779077e+19
 2873 5.783255e+19
 2874 5.788929e+19
 2875 5.793580e+19
 2876 5.799136e+19
 2877 5.804597e+19
 2878 5.809359e+19
 2879 5.813678e+19
 2880 5.819566e+19
 2881 5.824059e+19
 2882 5.829878e+19
 2883 5.834271e+19
 2884 5.838767e+19
 2885 5.844899e+19
 2886 5.850030e+19
 2887 5.855739e+19
 2888 5.859378e+19
 2889 5.864858e+19
 2890 5.869433e+19
 2891 5.874955e+19
 2892 5.880433e+19
 2893 5.885778e+19
 2894 5.890414e+19
 2895 5.894578e+19
 2896 5.900186e+19
 2897 5.906227e+19
 2898 5.910347e+19
 2899 5.915025e+19
 2900 5.920160e+19
 2901 5.925557e+19
 2902 5.931431e+19
 2903 5.936942e+19
 2904 5.940819e+19
 2905 5.946620e+19
 2906 5.951989e+19
 2907 5.957188e+19
 2908 5.961374e+19
 2909 5.966601e+19
 2910 5.971368e+19
 2911 5.976725e+19
 2912 5.982506e+19
 2913 5.986894e+19
 2914 5.992308e+19
 2915 5.999000e+19
 2916 6.001755e+19
 2917 6.008094e+19
 2918 6.012470e+19
 2919 6.018230e+19
 2920 6.023372e+19
 2921 6.027767e+19
 2922 6.033401e+19
 2923 6.039011e+19
 2924 6.043290e+19
 2925 6.049395e+19
 2926 6.055401e+19
 2927 6.060187e+19
 2928 6.063928e+19
 2929 6.070800e+19
 2930 6.074716e+19
 2931 6.079469e+19
 2932 6.085241e+19
 2933 6.090967e+19
 2934 6.095592e+19
 2935 6.100782e+19
 2936 6.105682e+19
 2937 6.112139e+19
 2938 6.116552e+19
 2939 6.121455e+19
 2940 6.127711e+19
 2941 6.132809e+19
 2942 6.137931e+19
 2943 6.143599e+19
 2944 6.147552e+19
 2945 6.153689e+19
 2946 6.158161e+19
 2947 6.164057e+19
 2948 6.169900e+19
 2949 6.174677e+19
 2950 6.179147e+19
 2951 6.184330e+19
 2952 6.190014e+19
 2953 6.195548e+19
 2954 6.201093e+19
 2955 6.205063e+19
 2956 6.209827e+19
 2957 6.216322e+19
 2958 6.221499e+19
 2959 6.226926e+19
 2960 6.232193e+19
 2961 6.237472e+19
 2962 6.242734e+19
 2963 6.248964e+19
 2964 6.253343e+19
 2965 6.258763e+19
 2966 6.264194e+19
 2967 6.269726e+19
 2968 6.274542e+19
 2969 6.278886e+19
 2970 6.284032e+19
 2971 6.290131e+19
 2972 6.295118e+19
 2973 6.300064e+19
 2974 6.305984e+19
 2975 6.311714e+19
 2976 6.315628e+19
 2977 6.322627e+19
 2978 6.326923e+19
 2979 6.332274e+19
 2980 6.338742e+19
 2981 6.343535e+19
 2982 6.348362e+19
 2983 6.354160e+19
 2984 6.359287e+19
 2985 6.364328e+19
 2986 6.370383e+19
 2987 6.375669e+19
 2988 6.381262e+19
 2989 6.386152e+19
 2990 6.390184e+19
 2991 6.396055e+19
 2992 6.400665e+19
 2993 6.406741e+19
 2994 6.411707e+19
 2995 6.418284e+19
 2996 6.422307e+19
 2997 6.428181e+19
 2998 6.433374e+19
 2999 6.439240e+19
 3000 6.444783e+19
 3001 6.449731e+19
 3002 6.454581e+19
 3003 6.460014e+19
 3004 6.465181e+19
 3005 6.471001e+19
 3006 6.475609e+19
 3007 6.481191e+19
 3008 6.486518e+19
 3009 6.491783e+19
 3010 6.496870e+19
 3011 6.502203e+19
 3012 6.507269e+19
 3013 6.512657e+19
 3014 6.518785e+19
 3015 6.523115e+19
 3016 6.528128e+19
 3017 6.534326e+19
 3018 6.538676e+19
 3019 6.544350e+19
 3020 6.549534e+19
 3021 6.554894e+19
 3022 6.560950e+19
 3023 6.565605e+19
 3024 6.570957e+19
 3025 6.575563e+19
 3026 6.581235e+19
 3027 6.585833e+19
 3028 6.591398e+19
 3029 6.596976e+19
 3030 6.601320e+19
 3031 6.606933e+19
 3032 6.611933e+19
 3033 6.617488e+19
 3034 6.623222e+19
 3035 6.628372e+19
 3036 6.632332e+19
 3037 6.638407e+19
 3038 6.643118e+19
 3039 6.648135e+19
 3040 6.653706e+19
 3041 6.658892e+19
 3042 6.664060e+19
 3043 6.669912e+19
 3044 6.673766e+19
 3045 6.678542e+19
 3046 6.684332e+19
 3047 6.689512e+19
 3048 6.694300e+19
 3049 6.699350e+19
 3050 6.704460e+19
 3051 6.710705e+19
 3052 6.714229e+19
 3053 6.720728e+19
 3054 6.724912e+19
 3055 6.730308e+19
 3056 6.734913e+19
 3057 6.739694e+19
 3058 6.744976e+19
 3059 6.750429e+19
 3060 6.756066e+19
 3061 6.761956e+19
 3062 6.766384e+19
 3063 6.770147e+19
 3064 6.774963e+19
 3065 6.780091e+19
 3066 6.784703e+19
 3067 6.790455e+19
 3068 6.794518e+19
 3069 6.799555e+19
 3070 6.804456e+19
 3071 6.810035e+19
 3072 6.814832e+19
 3073 6.820186e+19
 3074 6.825066e+19
 3075 6.830786e+19
 3076 6.833571e+19
 3077 6.838469e+19
 3078 6.843749e+19
 3079 6.849199e+19
 3080 6.854575e+19
 3081 6.859775e+19
 3082 6.864383e+19
 3083 6.868781e+19
 3084 6.873107e+19
 3085 6.878292e+19
 3086 6.884456e+19
 3087 6.887626e+19
 3088 6.892886e+19
 3089 6.897333e+19
 3090 6.901453e+19
 3091 6.906981e+19
 3092 6.911766e+19
 3093 6.916803e+19
 3094 6.920828e+19
 3095 6.925778e+19
 3096 6.930708e+19
 3097 6.935343e+19
 3098 6.940280e+19
 3099 6.943984e+19
 3100 6.950053e+19
 3101 6.954761e+19
 3102 6.959263e+19
 3103 6.963097e+19
 3104 6.967328e+19
 3105 6.972598e+19
 3106 6.977751e+19
 3107 6.982027e+19
 3108 6.986618e+19
 3109 6.991700e+19
 3110 6.995395e+19
 3111 6.999935e+19
 3112 7.004635e+19
 3113 7.009040e+19
 3114 7.013899e+19
 3115 7.018452e+19
 3116 7.022689e+19
 3117 7.026383e+19
 3118 7.031251e+19
 3119 7.035782e+19
 3120 7.040432e+19
 3121 7.044889e+19
 3122 7.050091e+19
 3123 7.054527e+19
 3124 7.058223e+19
 3125 7.062947e+19
 3126 7.067496e+19
 3127 7.071577e+19
 3128 7.076063e+19
 3129 7.081329e+19
 3130 7.085326e+19
 3131 7.089379e+19
 3132 7.093742e+19
 3133 7.098310e+19
 3134 7.102235e+19
 3135 7.106237e+19
 3136 7.110630e+19
 3137 7.115483e+19
 3138 7.119601e+19
 3139 7.123448e+19
 3140 7.127483e+19
 3141 7.132588e+19
 3142 7.137405e+19
 3143 7.141338e+19
 3144 7.145209e+19
 3145 7.148891e+19
 3146 7.153959e+19
 3147 7.157943e+19
 3148 7.161497e+19
 3149 7.166127e+19
 3150 7.170154e+19
 3151 7.175067e+19
 3152 7.178251e+19
 3153 7.183292e+19
 3154 7.186657e+19
 3155 7.190591e+19
 3156 7.195588e+19
 3157 7.199578e+19
 3158 7.203307e+19
 3159 7.207227e+19
 3160 7.211842e+19
 3161 7.216065e+19
 3162 7.219433e+19
 3163 7.223384e+19
 3164 7.227576e+19
 3165 7.231865e+19
 3166 7.236069e+19
 3167 7.240277e+19
 3168 7.244221e+19
 3169 7.248382e+19
 3170 7.252225e+19
 3171 7.255667e+19
 3172 7.260086e+19
 3173 7.263884e+19
 3174 7.268685e+19
 3175 7.271753e+19
 3176 7.275514e+19
 3177 7.280122e+19
 3178 7.284137e+19
 3179 7.287249e+19
 3180 7.291622e+19
 3181 7.296142e+19
 3182 7.299668e+19
 3183 7.304070e+19
 3184 7.307981e+19
 3185 7.311218e+19
 3186 7.315632e+19
 3187 7.319513e+19
 3188 7.323269e+19
 3189 7.327591e+19
 3190 7.330841e+19
 3191 7.334657e+19
 3192 7.338984e+19
 3193 7.342469e+19
 3194 7.346442e+19
 3195 7.350304e+19
 3196 7.353353e+19
 3197 7.357463e+19
 3198 7.361089e+19
 3199 7.364676e+19
 3200 7.369338e+19
 3201 7.373008e+19
 3202 7.377021e+19
 3203 7.380608e+19
 3204 7.384335e+19
 3205 7.387107e+19
 3206 7.391001e+19
 3207 7.394903e+19
 3208 7.398692e+19
 3209 7.402466e+19
 3210 7.406084e+19
 3211 7.410285e+19
 3212 7.413511e+19
 3213 7.417124e+19
 3214 7.421451e+19
 3215 7.423983e+19
 3216 7.427731e+19
 3217 7.431858e+19
 3218 7.435969e+19
 3219 7.439146e+19
 3220 7.442698e+19
 3221 7.446255e+19
 3222 7.450037e+19
 3223 7.452942e+19
 3224 7.457178e+19
 3225 7.461506e+19
 3226 7.464644e+19
 3227 7.468039e+19
 3228 7.471793e+19
 3229 7.475017e+19
 3230 7.478728e+19
 3231 7.481846e+19
 3232 7.486533e+19
 3233 7.488983e+19
 3234 7.492516e+19
 3235 7.496180e+19
 3236 7.499682e+19
 3237 7.503580e+19
 3238 7.506560e+19
 3239 7.510256e+19
 3240 7.514095e+19
 3241 7.516970e+19
 3242 7.520057e+19
 3243 7.523258e+19
 3244 7.527539e+19
 3245 7.530343e+19
 3246 7.534948e+19
 3247 7.537467e+19
 3248 7.541192e+19
 3249 7.544467e+19
 3250 7.548239e+19
 3251 7.551596e+19
 3252 7.554887e+19
 3253 7.557894e+19
 3254 7.561188e+19
 3255 7.564542e+19
 3256 7.567700e+19
 3257 7.570603e+19
 3258 7.574494e+19
 3259 7.577361e+19
 3260 7.580979e+19
 3261 7.583774e+19
 3262 7.586988e+19
 3263 7.590940e+19
 3264 7.593843e+19
 3265 7.597110e+19
 3266 7.600046e+19
 3267 7.603280e+19
 3268 7.606560e+19
 3269 7.609871e+19
 3270 7.613220e+19
 3271 7.615764e+19
 3272 7.618836e+19
 3273 7.622105e+19
 3274 7.625868e+19
 3275 7.628834e+19
 3276 7.631424e+19
 3277 7.635217e+19
 3278 7.638038e+19
 3279 7.640705e+19
 3280 7.644166e+19
 3281 7.646935e+19
 3282 7.649780e+19
 3283 7.652941e+19
 3284 7.655796e+19
 3285 7.658781e+19
 3286 7.661838e+19
 3287 7.664525e+19
 3288 7.668159e+19
 3289 7.671169e+19
 3290 7.673763e+19
 3291 7.676673e+19
 3292 7.679430e+19
 3293 7.682100e+19
 3294 7.685388e+19
 3295 7.688385e+19
 3296 7.690779e+19
 3297 7.694100e+19
 3298 7.696486e+19
 3299 7.699576e+19
 3300 7.702165e+19
 3301 7.704913e+19
 3302 7.707964e+19
 3303 7.710725e+19
 3304 7.713475e+19
 3305 7.715919e+19
 3306 7.718869e+19
 3307 7.721011e+19
 3308 7.724073e+19
 3309 7.726792e+19
 3310 7.729257e+19
 3311 7.732323e+19
 3312 7.734791e+19
 3313 7.736961e+19
 3314 7.739659e+19
 3315 7.742036e+19
 3316 7.744583e+19
 3317 7.746939e+19
 3318 7.749518e+19
 3319 7.752057e+19
 3320 7.754873e+19
 3321 7.757295e+19
 3322 7.760017e+19
 3323 7.761886e+19
 3324 7.764598e+19
 3325 7.767630e+19
 3326 7.769648e+19
 3327 7.771585e+19
 3328 7.774098e+19
 3329 7.776219e+19
 3330 7.778828e+19
 3331 7.780952e+19
 3332 7.783770e+19
 3333 7.785653e+19
 3334 7.787782e+19
 3335 7.790129e+19
 3336 7.792299e+19
 3337 7.794013e+19
 3338 7.797026e+19
 3339 7.799105e+19
 3340 7.801118e+19
 3341 7.803391e+19
 3342 7.805270e+19
 3343 7.807062e+19
 3344 7.809167e+19
 3345 7.811338e+19
 3346 7.813866e+19
 3347 7.815703e+19
 3348 7.817731e+19
 3349 7.819999e+19
 3350 7.821969e+19
 3351 7.823704e+19
 3352 7.825693e+19
 3353 7.827549e+19
 3354 7.829708e+19
 3355 7.831325e+19
 3356 7.833092e+19
 3357 7.835275e+19
 3358 7.837390e+19
 3359 7.838810e+19
 3360 7.841019e+19
 3361 7.842357e+19
 3362 7.844422e+19
 3363 7.846118e+19
 3364 7.847781e+19
 3365 7.849575e+19
 3366 7.851527e+19
 3367 7.853180e+19
 3368 7.854681e+19
 3369 7.856487e+19
 3370 7.858081e+19
 3371 7.859811e+19
 3372 7.861592e+19
 3373 7.863192e+19
 3374 7.864882e+19
 3375 7.866116e+19
 3376 7.867431e+19
 3377 7.869366e+19
 3378 7.871210e+19
 3379 7.872194e+19
 3380 7.874099e+19
 3381 7.875256e+19
 3382 7.876787e+19
 3383 7.878475e+19
 3384 7.879524e+19
 3385 7.880892e+19
 3386 7.882519e+19
 3387 7.883953e+19
 3388 7.885372e+19
 3389 7.886608e+19
 3390 7.888081e+19
 3391 7.889413e+19
 3392 7.890954e+19
 3393 7.892117e+19
 3394 7.893485e+19
 3395 7.894377e+19
 3396 7.895779e+19
 3397 7.897132e+19
 3398 7.898515e+19
 3399 7.899523e+19
 3400 7.901031e+19
 3401 7.901885e+19
 3402 7.902855e+19
 3403 7.904078e+19
 3404 7.905064e+19
 3405 7.906341e+19
 3406 7.907403e+19
 3407 7.908543e+19
 3408 7.909501e+19
 3409 7.910784e+19
 3410 7.911830e+19
 3411 7.912991e+19
 3412 7.913905e+19
 3413 7.914909e+19
 3414 7.916063e+19
 3415 7.916605e+19
 3416 7.917755e+19
 3417 7.918698e+19
 3418 7.919698e+19
 3419 7.920467e+19
 3420 7.921539e+19
 3421 7.922374e+19
 3422 7.923217e+19
 3423 7.924094e+19
 3424 7.924953e+19
 3425 7.926059e+19
 3426 7.926639e+19
 3427 7.927531e+19
 3428 7.928297e+19
 3429 7.929060e+19
 3430 7.929982e+19
 3431 7.930605e+19
 3432 7.931223e+19
 3433 7.932115e+19
 3434 7.932996e+19
 3435 7.933333e+19
 3436 7.933873e+19
 3437 7.934846e+19
 3438 7.935658e+19
 3439 7.936199e+19
 3440 7.937033e+19
 3441 7.937610e+19
 3442 7.938020e+19
 3443 7.938846e+19
 3444 7.939362e+19
 3445 7.939953e+19
 3446 7.940422e+19
 3447 7.940710e+19
 3448 7.941675e+19
 3449 7.942134e+19
 3450 7.942753e+19
 3451 7.943214e+19
 3452 7.943806e+19
 3453 7.944131e+19
 3454 7.944770e+19
 3455 7.944830e+19
 3456 7.945541e+19
 3457 7.946064e+19
 3458 7.946557e+19
 3459 7.946785e+19
 3460 7.947245e+19
 3461 7.947608e+19
 3462 7.948177e+19
 3463 7.948273e+19
 3464 7.948750e+19
 3465 7.949114e+19
 3466 7.949523e+19
 3467 7.949612e+19
 3468 7.950253e+19
 3469 7.950481e+19
 3470 7.950581e+19
 3471 7.950981e+19
 3472 7.951294e+19
 3473 7.951279e+19
 3474 7.951556e+19
 3475 7.951903e+19
 3476 7.952240e+19
 3477 7.952147e+19
 3478 7.952523e+19
 3479 7.952849e+19
 3480 7.952748e+19
 3481 7.953107e+19
 3482 7.953169e+19
 3483 7.953184e+19
 3484 7.953533e+19
 3485 7.953504e+19
 3486 7.953609e+19
 3487 7.953506e+19
 3488 7.953712e+19
 3489 7.953692e+19
 3490 7.953724e+19
 3491 7.953813e+19
 3492 7.953867e+19
 3493 7.954027e+19
 3494 7.953826e+19
 3495 7.953776e+19
 3496 7.953786e+19
 3497 7.953799e+19
 3498 7.953669e+19
 3499 7.953449e+19
 3500 7.953514e+19
 3501 7.953268e+19
 3502 7.953279e+19
 3503 7.952976e+19
 3504 7.952865e+19
 3505 7.952785e+19
 3506 7.952829e+19
 3507 7.952392e+19
 3508 7.952352e+19
 3509 7.951993e+19
 3510 7.951759e+19
 3511 7.951547e+19
 3512 7.951359e+19
 3513 7.951038e+19
 3514 7.950701e+19
 3515 7.950351e+19
 3516 7.950169e+19
 3517 7.949642e+19
 3518 7.949254e+19
 3519 7.948970e+19
 3520 7.948832e+19
 3521 7.948141e+19
 3522 7.947993e+19
 3523 7.947462e+19
 3524 7.947099e+19
 3525 7.946476e+19
 3526 7.946144e+19
 3527 7.945595e+19
 3528 7.945074e+19
 3529 7.944498e+19
 3530 7.943811e+19
 3531 7.943187e+19
 3532 7.942926e+19
 3533 7.942396e+19
 3534 7.941988e+19
 3535 7.940838e+19
 3536 7.940668e+19
 3537 7.939823e+19
 3538 7.939153e+19
 3539 7.938280e+19
 3540 7.937749e+19
 3541 7.936780e+19
 3542 7.936454e+19
 3543 7.935563e+19
 3544 7.934547e+19
 3545 7.933785e+19
 3546 7.933035e+19
 3547 7.932286e+19
 3548 7.931595e+19
 3549 7.930205e+19
 3550 7.929630e+19
 3551 7.928949e+19
 3552 7.927868e+19
 3553 7.926975e+19
 3554 7.926005e+19
 3555 7.925206e+19
 3556 7.924277e+19
 3557 7.922868e+19
 3558 7.922270e+19
 3559 7.920677e+19
 3560 7.920048e+19
 3561 7.918451e+19
 3562 7.917699e+19
 3563 7.916541e+19
 3564 7.915314e+19
 3565 7.914456e+19
 3566 7.912729e+19
 3567 7.911928e+19
 3568 7.910882e+19
 3569 7.909344e+19
 3570 7.907960e+19
 3571 7.906977e+19
 3572 7.905695e+19
 3573 7.903798e+19
 3574 7.902916e+19
 3575 7.901186e+19
 3576 7.899969e+19
 3577 7.898847e+19
 3578 7.897345e+19
 3579 7.895839e+19
 3580 7.894413e+19
 3581 7.892526e+19
 3582 7.891259e+19
 3583 7.889818e+19
 3584 7.888387e+19
 3585 7.886882e+19
 3586 7.885021e+19
 3587 7.883247e+19
 3588 7.881821e+19
 3589 7.879913e+19
 3590 7.878222e+19
 3591 7.876807e+19
 3592 7.875425e+19
 3593 7.873302e+19
 3594 7.871918e+19
 3595 7.869552e+19
 3596 7.867968e+19
 3597 7.865875e+19
 3598 7.864186e+19
 3599 7.862546e+19
 3600 7.860438e+19
 3601 7.858108e+19
 3602 7.856804e+19
 3603 7.854445e+19
 3604 7.853049e+19
 3605 7.851258e+19
 3606 7.849006e+19
 3607 7.846884e+19
 3608 7.844956e+19
 3609 7.842818e+19
 3610 7.840761e+19
 3611 7.838853e+19
 3612 7.836454e+19
 3613 7.834554e+19
 3614 7.832432e+19
 3615 7.829809e+19
 3616 7.828054e+19
 3617 7.825078e+19
 3618 7.823666e+19
 3619 7.821053e+19
 3620 7.818523e+19
 3621 7.816533e+19
 3622 7.814433e+19
 3623 7.811859e+19
 3624 7.808718e+19
 3625 7.807514e+19
 3626 7.804668e+19
 3627 7.802248e+19
 3628 7.800234e+19
 3629 7.797384e+19
 3630 7.795170e+19
 3631 7.792407e+19
 3632 7.790031e+19
 3633 7.787396e+19
 3634 7.785022e+19
 3635 7.782503e+19
 3636 7.780003e+19
 3637 7.776868e+19
 3638 7.774349e+19
 3639 7.771411e+19
 3640 7.769608e+19
 3641 7.766441e+19
 3642 7.763995e+19
 3643 7.761240e+19
 3644 7.758763e+19
 3645 7.755692e+19
 3646 7.752944e+19
 3647 7.750391e+19
 3648 7.747395e+19
 3649 7.744541e+19
 3650 7.742567e+19
 3651 7.739665e+19
 3652 7.736110e+19
 3653 7.733963e+19
 3654 7.730936e+19
 3655 7.728528e+19
 3656 7.725319e+19
 3657 7.721955e+19
 3658 7.719078e+19
 3659 7.716210e+19
 3660 7.714082e+19
 3661 7.710326e+19
 3662 7.707112e+19
 3663 7.703769e+19
 3664 7.701467e+19
 3665 7.698402e+19
 3666 7.695582e+19
 3667 7.692432e+19
 3668 7.689434e+19
 3669 7.686078e+19
 3670 7.683414e+19
 3671 7.679881e+19
 3672 7.676550e+19
 3673 7.674015e+19
 3674 7.671134e+19
 3675 7.667129e+19
 3676 7.664343e+19
 3677 7.661069e+19
 3678 7.658397e+19
 3679 7.655099e+19
 3680 7.652266e+19
 3681 7.648849e+19
 3682 7.645436e+19
 3683 7.641899e+19
 3684 7.638811e+19
 3685 7.635567e+19
 3686 7.631873e+19
 3687 7.629372e+19
 3688 7.626076e+19
 3689 7.622880e+19
 3690 7.619299e+19
 3691 7.616468e+19
 3692 7.612663e+19
 3693 7.609493e+19
 3694 7.606110e+19
 3695 7.602377e+19
 3696 7.599345e+19
 3697 7.596424e+19
 3698 7.592366e+19
 3699 7.589023e+19
 3700 7.585968e+19
 3701 7.582998e+19
 3702 7.580015e+19
 3703 7.575619e+19
 3704 7.572850e+19
 3705 7.569544e+19
 3706 7.565510e+19
 3707 7.562710e+19
 3708 7.559037e+19
 3709 7.555389e+19
 3710 7.552549e+19
 3711 7.549333e+19
 3712 7.544877e+19
 3713 7.542275e+19
 3714 7.539139e+19
 3715 7.535351e+19
 3716 7.532314e+19
 3717 7.527877e+19
 3718 7.524696e+19
 3719 7.520933e+19
 3720 7.517987e+19
 3721 7.513841e+19
 3722 7.510741e+19
 3723 7.507140e+19
 3724 7.504116e+19
 3725 7.500507e+19
 3726 7.496885e+19
 3727 7.493098e+19
 3728 7.490367e+19
 3729 7.486494e+19
 3730 7.483246e+19
 3731 7.479436e+19
 3732 7.476456e+19
 3733 7.472389e+19
 3734 7.468550e+19
 3735 7.465462e+19
 3736 7.462195e+19
 3737 7.457470e+19
 3738 7.454598e+19
 3739 7.451409e+19
 3740 7.448094e+19
 3741 7.444006e+19
 3742 7.440904e+19
 3743 7.436685e+19
 3744 7.433514e+19
 3745 7.429835e+19
 3746 7.426538e+19
 3747 7.422485e+19
 3748 7.419066e+19
 3749 7.415540e+19
 3750 7.412552e+19
 3751 7.408212e+19
 3752 7.405995e+19
 3753 7.401928e+19
 3754 7.398094e+19
 3755 7.394346e+19
 3756 7.390379e+19
 3757 7.386658e+19
 3758 7.383552e+19
 3759 7.379781e+19
 3760 7.376556e+19
 3761 7.373107e+19
 3762 7.368732e+19
 3763 7.365545e+19
 3764 7.361825e+19
 3765 7.357430e+19
 3766 7.354052e+19
 3767 7.351271e+19
 3768 7.347201e+19
 3769 7.343522e+19
 3770 7.339625e+19
 3771 7.335873e+19
 3772 7.332438e+19
 3773 7.329413e+19
 3774 7.325422e+19
 3775 7.321425e+19
 3776 7.317985e+19
 3777 7.314181e+19
 3778 7.310373e+19
 3779 7.306669e+19
 3780 7.303764e+19
 3781 7.299471e+19
 3782 7.295792e+19
 3783 7.291885e+19
 3784 7.287531e+19
 3785 7.283432e+19
 3786 7.280552e+19
 3787 7.277330e+19
 3788 7.273266e+19
 3789 7.269469e+19
 3790 7.265478e+19
 3791 7.261911e+19
 3792 7.258038e+19
 3793 7.253732e+19
 3794 7.250647e+19
 3795 7.246762e+19
 3796 7.242581e+19
 3797 7.238779e+19
 3798 7.234455e+19
 3799 7.231180e+19
 3800 7.227738e+19
 3801 7.223393e+19
 3802 7.219214e+19
 3803 7.215502e+19
 3804 7.211360e+19
 3805 7.207258e+19
 3806 7.203196e+19
 3807 7.200273e+19
 3808 7.196227e+19
 3809 7.191344e+19
 3810 7.187805e+19
 3811 7.184090e+19
 3812 7.179415e+19
 3813 7.175392e+19
 3814 7.171754e+19
 3815 7.167777e+19
 3816 7.163865e+19
 3817 7.159209e+19
 3818 7.155189e+19
 3819 7.151660e+19
 3820 7.147186e+19
 3821 7.142858e+19
 3822 7.139092e+19
 3823 7.134730e+19
 3824 7.131239e+19
 3825 7.126607e+19
 3826 7.122982e+19
 3827 7.118928e+19
 3828 7.113829e+19
 3829 7.110110e+19
 3830 7.105804e+19
 3831 7.102014e+19
 3832 7.096844e+19
 3833 7.091928e+19
 3834 7.088382e+19
 3835 7.084063e+19
 3836 7.079980e+19
 3837 7.075704e+19
 3838 7.071050e+19
 3839 7.066893e+19
 3840 7.062748e+19
 3841 7.057606e+19
 3842 7.053024e+19
 3843 7.049141e+19
 3844 7.043624e+19
 3845 7.040156e+19
 3846 7.035162e+19
 3847 7.031620e+19
 3848 7.026439e+19
 3849 7.022590e+19
 3850 7.017688e+19
 3851 7.013271e+19
 3852 7.008675e+19
 3853 7.003918e+19
 3854 6.999724e+19
 3855 6.994228e+19
 3856 6.989083e+19
 3857 6.985039e+19
 3858 6.979889e+19
 3859 6.975561e+19
 3860 6.970909e+19
 3861 6.965232e+19
 3862 6.961376e+19
 3863 6.956603e+19
 3864 6.951488e+19
 3865 6.946495e+19
 3866 6.941836e+19
 3867 6.937794e+19
 3868 6.932191e+19
 3869 6.926765e+19
 3870 6.922181e+19
 3871 6.917540e+19
 3872 6.911334e+19
 3873 6.906924e+19
 3874 6.902452e+19
 3875 6.897364e+19
 3876 6.892193e+19
 3877 6.887114e+19
 3878 6.881221e+19
 3879 6.877215e+19
 3880 6.871859e+19
 3881 6.866073e+19
 3882 6.861700e+19
 3883 6.855601e+19
 3884 6.850868e+19
 3885 6.845123e+19
 3886 6.839421e+19
 3887 6.835039e+19
 3888 6.829490e+19
 3889 6.823803e+19
 3890 6.818942e+19
 3891 6.813909e+19
 3892 6.807953e+19
 3893 6.802645e+19
 3894 6.797948e+19
 3895 6.792465e+19
 3896 6.787010e+19
 3897 6.780960e+19
 3898 6.774791e+19
 3899 6.769758e+19
 3900 6.765006e+19
 3901 6.759028e+19
 3902 6.753590e+19
 3903 6.748511e+19
 3904 6.741738e+19
 3905 6.737000e+19
 3906 6.730278e+19
 3907 6.725318e+19
 3908 6.720038e+19
 3909 6.714059e+19
 3910 6.708661e+19
 3911 6.702480e+19
 3912 6.695972e+19
 3913 6.690836e+19
 3914 6.685242e+19
 3915 6.679658e+19
 3916 6.672984e+19
 3917 6.667787e+19
 3918 6.661390e+19
 3919 6.656808e+19
 3920 6.649615e+19
 3921 6.644419e+19
 3922 6.638081e+19
 3923 6.632762e+19
 3924 6.626639e+19
 3925 6.621131e+19
 3926 6.614756e+19
 3927 6.607319e+19
 3928 6.602389e+19
 3929 6.596742e+19
 3930 6.589497e+19
 3931 6.585211e+19
 3932 6.578352e+19
 3933 6.572109e+19
 3934 6.565515e+19
 3935 6.561493e+19
 3936 6.554092e+19
 3937 6.547428e+19
 3938 6.542241e+19
 3939 6.536060e+19
 3940 6.529825e+19
 3941 6.522650e+19
 3942 6.517182e+19
 3943 6.512025e+19
 3944 6.504801e+19
 3945 6.500389e+19
 3946 6.492924e+19
 3947 6.487049e+19
 3948 6.480173e+19
 3949 6.473898e+19
 3950 6.467366e+19
 3951 6.462264e+19
 3952 6.455732e+19
 3953 6.449427e+19
 3954 6.443052e+19
 3955 6.437253e+19
 3956 6.430757e+19
 3957 6.424410e+19
 3958 6.416989e+19
 3959 6.411979e+19
 3960 6.405003e+19
 3961 6.398649e+19
 3962 6.393008e+19
 3963 6.386243e+19
 3964 6.380431e+19
 3965 6.374108e+19
 3966 6.368392e+19
 3967 6.360409e+19
 3968 6.354972e+19
 3969 6.347321e+19
 3970 6.341039e+19
 3971 6.336474e+19
 3972 6.329399e+19
 3973 6.323303e+19
 3974 6.316896e+19
 3975 6.309431e+19
 3976 6.304758e+19
 3977 6.298660e+19
 3978 6.291091e+19
 3979 6.285717e+19
 3980 6.278928e+19
 3981 6.272504e+19
 3982 6.266470e+19
 3983 6.259588e+19
 3984 6.252806e+19
 3985 6.247876e+19
 3986 6.241193e+19
 3987 6.234991e+19
 3988 6.228475e+19
 3989 6.222697e+19
 3990 6.215562e+19
 3991 6.210104e+19
 3992 6.203316e+19
 3993 6.197872e+19
 3994 6.190463e+19
 3995 6.183964e+19
 3996 6.178627e+19
 3997 6.172155e+19
 3998 6.165014e+19
 3999 6.158874e+19
