# FFP10 field rotation power spectrum (raw cls of lensing rotation potential)
# L=0 to 7000, from camb.postborn
0.00000e+00
0.00000e+00
3.16270e-15
1.72971e-15
1.07121e-15
7.19556e-16
5.11313e-16
3.78586e-16
2.89324e-16
2.26722e-16
1.81328e-16
1.47496e-16
1.21705e-16
1.01660e-16
8.58227e-17
7.31289e-17
6.28272e-17
5.43732e-17
4.73659e-17
4.15055e-17
3.65662e-17
3.23735e-17
2.87911e-17
2.57114e-17
2.30488e-17
2.07345e-17
1.87132e-17
1.69404e-17
1.53793e-17
1.39996e-17
1.27759e-17
1.16868e-17
1.07145e-17
9.84385e-18
9.06192e-18
8.35777e-18
7.72204e-18
7.14674e-18
6.62500e-18
6.15084e-18
5.71905e-18
5.32508e-18
4.96496e-18
4.63518e-18
4.33266e-18
4.05470e-18
3.79890e-18
3.56313e-18
3.34553e-18
3.14442e-18
2.95831e-18
2.78585e-18
2.62585e-18
2.47722e-18
2.33900e-18
2.21032e-18
2.09039e-18
1.97850e-18
1.87400e-18
1.77631e-18
1.68491e-18
1.59931e-18
1.51907e-18
1.44379e-18
1.37310e-18
1.30667e-18
1.24420e-18
1.18541e-18
1.13003e-18
1.07783e-18
1.02859e-18
9.82120e-19
9.38226e-19
8.96740e-19
8.57506e-19
8.20378e-19
7.85222e-19
7.51913e-19
7.20337e-19
6.90385e-19
6.61959e-19
6.34967e-19
6.09323e-19
5.84947e-19
5.61765e-19
5.39707e-19
5.18708e-19
4.98709e-19
4.79653e-19
4.61488e-19
4.44163e-19
4.27633e-19
4.11855e-19
3.96788e-19
3.82395e-19
3.68639e-19
3.55487e-19
3.42909e-19
3.30873e-19
3.19354e-19
3.08323e-19
2.97758e-19
2.87634e-19
2.77930e-19
2.68626e-19
2.59701e-19
2.51138e-19
2.42919e-19
2.35028e-19
2.27449e-19
2.20169e-19
2.13172e-19
2.06446e-19
1.99979e-19
1.93758e-19
1.87774e-19
1.82014e-19
1.76470e-19
1.71131e-19
1.65989e-19
1.61035e-19
1.56261e-19
1.51659e-19
1.47222e-19
1.42944e-19
1.38816e-19
1.34834e-19
1.30990e-19
1.27280e-19
1.23698e-19
1.20239e-19
1.16897e-19
1.13668e-19
1.10547e-19
1.07531e-19
1.04615e-19
1.01795e-19
9.90676e-20
9.64289e-20
9.38757e-20
9.14046e-20
8.90127e-20
8.66968e-20
8.44541e-20
8.22820e-20
8.01778e-20
7.81390e-20
7.61632e-20
7.42481e-20
7.23915e-20
7.05913e-20
6.88455e-20
6.71522e-20
6.55094e-20
6.39155e-20
6.23687e-20
6.08673e-20
5.94099e-20
5.79948e-20
5.66207e-20
5.52861e-20
5.39897e-20
5.27302e-20
5.15064e-20
5.03171e-20
4.91611e-20
4.80374e-20
4.69448e-20
4.58825e-20
4.48492e-20
4.38443e-20
4.28666e-20
4.19154e-20
4.09899e-20
4.00891e-20
3.92123e-20
3.83589e-20
3.75279e-20
3.67188e-20
3.59309e-20
3.51634e-20
3.44159e-20
3.36876e-20
3.29780e-20
3.22865e-20
3.16126e-20
3.09558e-20
3.03155e-20
2.96913e-20
2.90827e-20
2.84892e-20
2.79103e-20
2.73457e-20
2.67950e-20
2.62577e-20
2.57335e-20
2.52220e-20
2.47227e-20
2.42355e-20
2.37599e-20
2.32956e-20
2.28423e-20
2.23996e-20
2.19674e-20
2.15453e-20
2.11329e-20
2.07302e-20
2.03367e-20
1.99523e-20
1.95766e-20
1.92096e-20
1.88508e-20
1.85002e-20
1.81574e-20
1.78224e-20
1.74948e-20
1.71745e-20
1.68613e-20
1.65550e-20
1.62555e-20
1.59625e-20
1.56759e-20
1.53955e-20
1.51212e-20
1.48528e-20
1.45902e-20
1.43331e-20
1.40816e-20
1.38354e-20
1.35944e-20
1.33584e-20
1.31274e-20
1.29013e-20
1.26798e-20
1.24630e-20
1.22506e-20
1.20426e-20
1.18388e-20
1.16393e-20
1.14437e-20
1.12522e-20
1.10645e-20
1.08806e-20
1.07004e-20
1.05238e-20
1.03507e-20
1.01810e-20
1.00148e-20
9.85173e-21
9.69192e-21
9.53523e-21
9.38160e-21
9.23096e-21
9.08324e-21
8.93836e-21
8.79628e-21
8.65692e-21
8.52022e-21
8.38612e-21
8.25457e-21
8.12551e-21
7.99888e-21
7.87463e-21
7.75270e-21
7.63305e-21
7.51562e-21
7.40037e-21
7.28725e-21
7.17621e-21
7.06721e-21
6.96020e-21
6.85515e-21
6.75200e-21
6.65072e-21
6.55128e-21
6.45362e-21
6.35771e-21
6.26352e-21
6.17101e-21
6.08015e-21
5.99089e-21
5.90321e-21
5.81708e-21
5.73246e-21
5.64932e-21
5.56763e-21
5.48736e-21
5.40848e-21
5.33097e-21
5.25479e-21
5.17992e-21
5.10633e-21
5.03400e-21
4.96290e-21
4.89301e-21
4.82430e-21
4.75675e-21
4.69034e-21
4.62504e-21
4.56084e-21
4.49770e-21
4.43562e-21
4.37456e-21
4.31451e-21
4.25545e-21
4.19737e-21
4.14023e-21
4.08403e-21
4.02875e-21
3.97436e-21
3.92086e-21
3.86822e-21
3.81643e-21
3.76547e-21
3.71533e-21
3.66599e-21
3.61744e-21
3.56965e-21
3.52263e-21
3.47635e-21
3.43079e-21
3.38596e-21
3.34182e-21
3.29838e-21
3.25561e-21
3.21351e-21
3.17206e-21
3.13125e-21
3.09108e-21
3.05152e-21
3.01256e-21
2.97420e-21
2.93643e-21
2.89924e-21
2.86260e-21
2.82653e-21
2.79099e-21
2.75600e-21
2.72153e-21
2.68757e-21
2.65412e-21
2.62118e-21
2.58872e-21
2.55674e-21
2.52524e-21
2.49420e-21
2.46362e-21
2.43348e-21
2.40379e-21
2.37454e-21
2.34571e-21
2.31729e-21
2.28929e-21
2.26170e-21
2.23450e-21
2.20770e-21
2.18128e-21
2.15524e-21
2.12957e-21
2.10427e-21
2.07932e-21
2.05473e-21
2.03049e-21
2.00659e-21
1.98303e-21
1.95980e-21
1.93689e-21
1.91431e-21
1.89204e-21
1.87008e-21
1.84842e-21
1.82707e-21
1.80601e-21
1.78524e-21
1.76475e-21
1.74455e-21
1.72463e-21
1.70497e-21
1.68559e-21
1.66646e-21
1.64760e-21
1.62899e-21
1.61064e-21
1.59253e-21
1.57467e-21
1.55704e-21
1.53965e-21
1.52249e-21
1.50557e-21
1.48886e-21
1.47238e-21
1.45612e-21
1.44007e-21
1.42423e-21
1.40860e-21
1.39318e-21
1.37796e-21
1.36293e-21
1.34811e-21
1.33347e-21
1.31903e-21
1.30477e-21
1.29070e-21
1.27681e-21
1.26309e-21
1.24956e-21
1.23619e-21
1.22300e-21
1.20998e-21
1.19712e-21
1.18442e-21
1.17189e-21
1.15951e-21
1.14729e-21
1.13523e-21
1.12332e-21
1.11155e-21
1.09993e-21
1.08846e-21
1.07713e-21
1.06595e-21
1.05490e-21
1.04399e-21
1.03321e-21
1.02256e-21
1.01205e-21
1.00167e-21
9.91410e-22
9.81279e-22
9.71272e-22
9.61386e-22
9.51621e-22
9.41975e-22
9.32445e-22
9.23030e-22
9.13730e-22
9.04541e-22
8.95463e-22
8.86493e-22
8.77631e-22
8.68875e-22
8.60223e-22
8.51675e-22
8.43228e-22
8.34881e-22
8.26632e-22
8.18482e-22
8.10427e-22
8.02467e-22
7.94601e-22
7.86826e-22
7.79143e-22
7.71549e-22
7.64044e-22
7.56627e-22
7.49295e-22
7.42048e-22
7.34885e-22
7.27805e-22
7.20807e-22
7.13889e-22
7.07050e-22
7.00290e-22
6.93607e-22
6.87000e-22
6.80469e-22
6.74012e-22
6.67628e-22
6.61316e-22
6.55076e-22
6.48906e-22
6.42806e-22
6.36774e-22
6.30810e-22
6.24912e-22
6.19081e-22
6.13314e-22
6.07611e-22
6.01972e-22
5.96396e-22
5.90881e-22
5.85427e-22
5.80033e-22
5.74698e-22
5.69422e-22
5.64203e-22
5.59042e-22
5.53937e-22
5.48888e-22
5.43894e-22
5.38953e-22
5.34067e-22
5.29233e-22
5.24451e-22
5.19721e-22
5.15042e-22
5.10413e-22
5.05834e-22
5.01303e-22
4.96821e-22
4.92387e-22
4.88000e-22
4.83660e-22
4.79365e-22
4.75117e-22
4.70913e-22
4.66753e-22
4.62637e-22
4.58565e-22
4.54535e-22
4.50548e-22
4.46602e-22
4.42698e-22
4.38834e-22
4.35011e-22
4.31227e-22
4.27482e-22
4.23777e-22
4.20109e-22
4.16480e-22
4.12888e-22
4.09333e-22
4.05814e-22
4.02332e-22
3.98885e-22
3.95473e-22
3.92097e-22
3.88755e-22
3.85446e-22
3.82172e-22
3.78930e-22
3.75722e-22
3.72546e-22
3.69402e-22
3.66289e-22
3.63208e-22
3.60158e-22
3.57139e-22
3.54150e-22
3.51191e-22
3.48261e-22
3.45361e-22
3.42489e-22
3.39646e-22
3.36831e-22
3.34044e-22
3.31285e-22
3.28553e-22
3.25848e-22
3.23170e-22
3.20518e-22
3.17892e-22
3.15292e-22
3.12717e-22
3.10167e-22
3.07643e-22
3.05143e-22
3.02667e-22
3.00215e-22
2.97787e-22
2.95383e-22
2.93002e-22
2.90643e-22
2.88308e-22
2.85995e-22
2.83704e-22
2.81435e-22
2.79188e-22
2.76962e-22
2.74758e-22
2.72574e-22
2.70412e-22
2.68270e-22
2.66148e-22
2.64046e-22
2.61964e-22
2.59902e-22
2.57859e-22
2.55835e-22
2.53831e-22
2.51845e-22
2.49877e-22
2.47929e-22
2.45998e-22
2.44085e-22
2.42190e-22
2.40313e-22
2.38453e-22
2.36610e-22
2.34784e-22
2.32975e-22
2.31183e-22
2.29408e-22
2.27648e-22
2.25905e-22
2.24178e-22
2.22466e-22
2.20770e-22
2.19090e-22
2.17425e-22
2.15775e-22
2.14140e-22
2.12520e-22
2.10914e-22
2.09323e-22
2.07747e-22
2.06184e-22
2.04636e-22
2.03101e-22
2.01580e-22
2.00073e-22
1.98580e-22
1.97099e-22
1.95632e-22
1.94178e-22
1.92737e-22
1.91309e-22
1.89893e-22
1.88490e-22
1.87099e-22
1.85721e-22
1.84354e-22
1.83000e-22
1.81658e-22
1.80327e-22
1.79008e-22
1.77701e-22
1.76405e-22
1.75120e-22
1.73846e-22
1.72584e-22
1.71332e-22
1.70092e-22
1.68862e-22
1.67642e-22
1.66434e-22
1.65235e-22
1.64047e-22
1.62869e-22
1.61702e-22
1.60544e-22
1.59396e-22
1.58258e-22
1.57130e-22
1.56011e-22
1.54902e-22
1.53802e-22
1.52712e-22
1.51630e-22
1.50558e-22
1.49495e-22
1.48441e-22
1.47396e-22
1.46360e-22
1.45332e-22
1.44313e-22
1.43303e-22
1.42301e-22
1.41307e-22
1.40322e-22
1.39344e-22
1.38375e-22
1.37414e-22
1.36461e-22
1.35516e-22
1.34579e-22
1.33649e-22
1.32727e-22
1.31813e-22
1.30906e-22
1.30007e-22
1.29115e-22
1.28231e-22
1.27353e-22
1.26483e-22
1.25620e-22
1.24764e-22
1.23915e-22
1.23072e-22
1.22237e-22
1.21408e-22
1.20586e-22
1.19771e-22
1.18962e-22
1.18160e-22
1.17365e-22
1.16575e-22
1.15792e-22
1.15016e-22
1.14245e-22
1.13481e-22
1.12723e-22
1.11970e-22
1.11224e-22
1.10484e-22
1.09750e-22
1.09021e-22
1.08298e-22
1.07581e-22
1.06870e-22
1.06164e-22
1.05464e-22
1.04769e-22
1.04080e-22
1.03396e-22
1.02718e-22
1.02045e-22
1.01377e-22
1.00714e-22
1.00057e-22
9.94044e-23
9.87571e-23
9.81149e-23
9.74776e-23
9.68453e-23
9.62178e-23
9.55953e-23
9.49775e-23
9.43645e-23
9.37562e-23
9.31525e-23
9.25536e-23
9.19592e-23
9.13693e-23
9.07840e-23
9.02032e-23
8.96268e-23
8.90548e-23
8.84871e-23
8.79238e-23
8.73647e-23
8.68099e-23
8.62592e-23
8.57128e-23
8.51705e-23
8.46322e-23
8.40981e-23
8.35679e-23
8.30418e-23
8.25195e-23
8.20012e-23
8.14868e-23
8.09763e-23
8.04695e-23
7.99666e-23
7.94674e-23
7.89719e-23
7.84800e-23
7.79919e-23
7.75074e-23
7.70264e-23
7.65490e-23
7.60752e-23
7.56048e-23
7.51379e-23
7.46745e-23
7.42144e-23
7.37578e-23
7.33044e-23
7.28544e-23
7.24078e-23
7.19643e-23
7.15241e-23
7.10872e-23
7.06534e-23
7.02227e-23
6.97952e-23
6.93708e-23
6.89495e-23
6.85312e-23
6.81159e-23
6.77037e-23
6.72944e-23
6.68881e-23
6.64847e-23
6.60842e-23
6.56866e-23
6.52918e-23
6.48999e-23
6.45107e-23
6.41244e-23
6.37408e-23
6.33599e-23
6.29818e-23
6.26063e-23
6.22335e-23
6.18634e-23
6.14959e-23
6.11310e-23
6.07687e-23
6.04089e-23
6.00517e-23
5.96970e-23
5.93448e-23
5.89950e-23
5.86478e-23
5.83029e-23
5.79605e-23
5.76205e-23
5.72828e-23
5.69476e-23
5.66146e-23
5.62840e-23
5.59557e-23
5.56296e-23
5.53059e-23
5.49843e-23
5.46650e-23
5.43479e-23
5.40331e-23
5.37203e-23
5.34098e-23
5.31014e-23
5.27951e-23
5.24909e-23
5.21888e-23
5.18887e-23
5.15908e-23
5.12948e-23
5.10009e-23
5.07090e-23
5.04191e-23
5.01312e-23
4.98452e-23
4.95612e-23
4.92791e-23
4.89989e-23
4.87206e-23
4.84442e-23
4.81697e-23
4.78970e-23
4.76262e-23
4.73571e-23
4.70899e-23
4.68245e-23
4.65609e-23
4.62991e-23
4.60390e-23
4.57806e-23
4.55240e-23
4.52691e-23
4.50159e-23
4.47644e-23
4.45145e-23
4.42663e-23
4.40198e-23
4.37749e-23
4.35316e-23
4.32900e-23
4.30499e-23
4.28115e-23
4.25746e-23
4.23392e-23
4.21054e-23
4.18732e-23
4.16425e-23
4.14133e-23
4.11856e-23
4.09594e-23
4.07346e-23
4.05114e-23
4.02896e-23
4.00692e-23
3.98503e-23
3.96328e-23
3.94168e-23
3.92021e-23
3.89888e-23
3.87769e-23
3.85664e-23
3.83573e-23
3.81495e-23
3.79430e-23
3.77379e-23
3.75341e-23
3.73316e-23
3.71304e-23
3.69305e-23
3.67319e-23
3.65345e-23
3.63384e-23
3.61436e-23
3.59500e-23
3.57577e-23
3.55666e-23
3.53767e-23
3.51880e-23
3.50005e-23
3.48142e-23
3.46291e-23
3.44451e-23
3.42624e-23
3.40807e-23
3.39003e-23
3.37209e-23
3.35427e-23
3.33656e-23
3.31897e-23
3.30148e-23
3.28410e-23
3.26684e-23
3.24968e-23
3.23263e-23
3.21568e-23
3.19884e-23
3.18211e-23
3.16548e-23
3.14895e-23
3.13253e-23
3.11621e-23
3.09999e-23
3.08387e-23
3.06785e-23
3.05193e-23
3.03611e-23
3.02039e-23
3.00476e-23
2.98923e-23
2.97380e-23
2.95846e-23
2.94321e-23
2.92806e-23
2.91300e-23
2.89804e-23
2.88316e-23
2.86838e-23
2.85369e-23
2.83908e-23
2.82457e-23
2.81014e-23
2.79581e-23
2.78156e-23
2.76739e-23
2.75331e-23
2.73932e-23
2.72541e-23
2.71159e-23
2.69785e-23
2.68419e-23
2.67062e-23
2.65713e-23
2.64372e-23
2.63039e-23
2.61713e-23
2.60396e-23
2.59087e-23
2.57786e-23
2.56492e-23
2.55206e-23
2.53928e-23
2.52658e-23
2.51395e-23
2.50140e-23
2.48892e-23
2.47651e-23
2.46418e-23
2.45192e-23
2.43974e-23
2.42762e-23
2.41558e-23
2.40361e-23
2.39171e-23
2.37989e-23
2.36813e-23
2.35644e-23
2.34481e-23
2.33326e-23
2.32178e-23
2.31036e-23
2.29901e-23
2.28772e-23
2.27651e-23
2.26535e-23
2.25427e-23
2.24324e-23
2.23229e-23
2.22139e-23
2.21056e-23
2.19979e-23
2.18909e-23
2.17844e-23
2.16786e-23
2.15734e-23
2.14688e-23
2.13648e-23
2.12614e-23
2.11586e-23
2.10564e-23
2.09548e-23
2.08538e-23
2.07534e-23
2.06535e-23
2.05542e-23
2.04555e-23
2.03573e-23
2.02597e-23
2.01627e-23
2.00662e-23
1.99703e-23
1.98749e-23
1.97800e-23
1.96857e-23
1.95919e-23
1.94987e-23
1.94060e-23
1.93138e-23
1.92222e-23
1.91310e-23
1.90404e-23
1.89503e-23
1.88607e-23
1.87716e-23
1.86830e-23
1.85949e-23
1.85073e-23
1.84202e-23
1.83336e-23
1.82474e-23
1.81618e-23
1.80766e-23
1.79919e-23
1.79077e-23
1.78239e-23
1.77406e-23
1.76578e-23
1.75755e-23
1.74936e-23
1.74121e-23
1.73311e-23
1.72506e-23
1.71705e-23
1.70908e-23
1.70116e-23
1.69328e-23
1.68545e-23
1.67766e-23
1.66991e-23
1.66220e-23
1.65454e-23
1.64692e-23
1.63934e-23
1.63180e-23
1.62431e-23
1.61685e-23
1.60944e-23
1.60207e-23
1.59473e-23
1.58744e-23
1.58019e-23
1.57297e-23
1.56580e-23
1.55866e-23
1.55157e-23
1.54451e-23
1.53749e-23
1.53051e-23
1.52356e-23
1.51666e-23
1.50979e-23
1.50296e-23
1.49616e-23
1.48940e-23
1.48268e-23
1.47599e-23
1.46934e-23
1.46273e-23
1.45615e-23
1.44961e-23
1.44310e-23
1.43663e-23
1.43019e-23
1.42378e-23
1.41741e-23
1.41108e-23
1.40478e-23
1.39851e-23
1.39227e-23
1.38607e-23
1.37990e-23
1.37376e-23
1.36766e-23
1.36159e-23
1.35555e-23
1.34954e-23
1.34357e-23
1.33762e-23
1.33171e-23
1.32583e-23
1.31998e-23
1.31416e-23
1.30837e-23
1.30261e-23
1.29688e-23
1.29118e-23
1.28551e-23
1.27988e-23
1.27427e-23
1.26869e-23
1.26313e-23
1.25761e-23
1.25212e-23
1.24666e-23
1.24122e-23
1.23581e-23
1.23043e-23
1.22508e-23
1.21976e-23
1.21446e-23
1.20919e-23
1.20395e-23
1.19873e-23
1.19355e-23
1.18839e-23
1.18325e-23
1.17814e-23
1.17306e-23
1.16801e-23
1.16298e-23
1.15797e-23
1.15300e-23
1.14804e-23
1.14312e-23
1.13822e-23
1.13334e-23
1.12849e-23
1.12366e-23
1.11886e-23
1.11408e-23
1.10933e-23
1.10460e-23
1.09989e-23
1.09521e-23
1.09055e-23
1.08592e-23
1.08131e-23
1.07672e-23
1.07216e-23
1.06762e-23
1.06310e-23
1.05860e-23
1.05413e-23
1.04968e-23
1.04525e-23
1.04085e-23
1.03646e-23
1.03210e-23
1.02776e-23
1.02345e-23
1.01915e-23
1.01488e-23
1.01062e-23
1.00639e-23
1.00218e-23
9.97992e-24
9.93824e-24
9.89676e-24
9.85549e-24
9.81442e-24
9.77356e-24
9.73290e-24
9.69244e-24
9.65218e-24
9.61213e-24
9.57227e-24
9.53260e-24
9.49314e-24
9.45386e-24
9.41479e-24
9.37590e-24
9.33721e-24
9.29870e-24
9.26039e-24
9.22226e-24
9.18432e-24
9.14657e-24
9.10900e-24
9.07162e-24
9.03442e-24
8.99740e-24
8.96056e-24
8.92390e-24
8.88743e-24
8.85112e-24
8.81500e-24
8.77905e-24
8.74328e-24
8.70768e-24
8.67225e-24
8.63699e-24
8.60191e-24
8.56699e-24
8.53225e-24
8.49767e-24
8.46326e-24
8.42901e-24
8.39493e-24
8.36102e-24
8.32727e-24
8.29368e-24
8.26025e-24
8.22698e-24
8.19387e-24
8.16093e-24
8.12814e-24
8.09550e-24
8.06302e-24
8.03070e-24
7.99854e-24
7.96652e-24
7.93466e-24
7.90295e-24
7.87139e-24
7.83999e-24
7.80873e-24
7.77762e-24
7.74666e-24
7.71584e-24
7.68517e-24
7.65465e-24
7.62427e-24
7.59403e-24
7.56394e-24
7.53399e-24
7.50418e-24
7.47451e-24
7.44499e-24
7.41560e-24
7.38635e-24
7.35723e-24
7.32826e-24
7.29942e-24
7.27071e-24
7.24214e-24
7.21370e-24
7.18540e-24
7.15723e-24
7.12919e-24
7.10128e-24
7.07350e-24
7.04585e-24
7.01833e-24
6.99094e-24
6.96368e-24
6.93654e-24
6.90953e-24
6.88264e-24
6.85588e-24
6.82924e-24
6.80273e-24
6.77634e-24
6.75007e-24
6.72392e-24
6.69790e-24
6.67199e-24
6.64620e-24
6.62053e-24
6.59498e-24
6.56955e-24
6.54423e-24
6.51903e-24
6.49395e-24
6.46898e-24
6.44413e-24
6.41939e-24
6.39476e-24
6.37024e-24
6.34584e-24
6.32155e-24
6.29737e-24
6.27330e-24
6.24934e-24
6.22549e-24
6.20174e-24
6.17811e-24
6.15458e-24
6.13116e-24
6.10784e-24
6.08463e-24
6.06153e-24
6.03853e-24
6.01564e-24
5.99284e-24
5.97015e-24
5.94757e-24
5.92508e-24
5.90270e-24
5.88042e-24
5.85823e-24
5.83615e-24
5.81417e-24
5.79228e-24
5.77050e-24
5.74881e-24
5.72721e-24
5.70572e-24
5.68432e-24
5.66302e-24
5.64181e-24
5.62069e-24
5.59967e-24
5.57875e-24
5.55791e-24
5.53717e-24
5.51653e-24
5.49597e-24
5.47550e-24
5.45513e-24
5.43485e-24
5.41465e-24
5.39455e-24
5.37453e-24
5.35460e-24
5.33476e-24
5.31501e-24
5.29535e-24
5.27577e-24
5.25628e-24
5.23687e-24
5.21755e-24
5.19832e-24
5.17917e-24
5.16010e-24
5.14112e-24
5.12222e-24
5.10340e-24
5.08466e-24
5.06601e-24
5.04744e-24
5.02895e-24
5.01054e-24
4.99221e-24
4.97396e-24
4.95579e-24
4.93770e-24
4.91969e-24
4.90175e-24
4.88390e-24
4.86612e-24
4.84842e-24
4.83079e-24
4.81325e-24
4.79577e-24
4.77838e-24
4.76106e-24
4.74381e-24
4.72664e-24
4.70954e-24
4.69251e-24
4.67556e-24
4.65869e-24
4.64188e-24
4.62515e-24
4.60849e-24
4.59190e-24
4.57538e-24
4.55893e-24
4.54255e-24
4.52624e-24
4.51001e-24
4.49384e-24
4.47774e-24
4.46171e-24
4.44575e-24
4.42986e-24
4.41403e-24
4.39827e-24
4.38258e-24
4.36695e-24
4.35140e-24
4.33590e-24
4.32048e-24
4.30512e-24
4.28982e-24
4.27459e-24
4.25942e-24
4.24432e-24
4.22928e-24
4.21430e-24
4.19939e-24
4.18454e-24
4.16976e-24
4.15503e-24
4.14037e-24
4.12577e-24
4.11123e-24
4.09675e-24
4.08233e-24
4.06798e-24
4.05368e-24
4.03944e-24
4.02527e-24
4.01115e-24
3.99709e-24
3.98309e-24
3.96915e-24
3.95526e-24
3.94144e-24
3.92767e-24
3.91396e-24
3.90030e-24
3.88671e-24
3.87317e-24
3.85968e-24
3.84625e-24
3.83288e-24
3.81956e-24
3.80630e-24
3.79309e-24
3.77994e-24
3.76684e-24
3.75380e-24
3.74081e-24
3.72787e-24
3.71499e-24
3.70216e-24
3.68938e-24
3.67665e-24
3.66398e-24
3.65136e-24
3.63879e-24
3.62628e-24
3.61381e-24
3.60139e-24
3.58903e-24
3.57672e-24
3.56445e-24
3.55224e-24
3.54008e-24
3.52796e-24
3.51590e-24
3.50389e-24
3.49192e-24
3.48000e-24
3.46813e-24
3.45631e-24
3.44454e-24
3.43282e-24
3.42114e-24
3.40951e-24
3.39793e-24
3.38639e-24
3.37490e-24
3.36346e-24
3.35206e-24
3.34071e-24
3.32941e-24
3.31815e-24
3.30693e-24
3.29577e-24
3.28464e-24
3.27356e-24
3.26253e-24
3.25154e-24
3.24059e-24
3.22969e-24
3.21883e-24
3.20802e-24
3.19725e-24
3.18652e-24
3.17583e-24
3.16519e-24
3.15459e-24
3.14403e-24
3.13352e-24
3.12304e-24
3.11261e-24
3.10222e-24
3.09187e-24
3.08156e-24
3.07129e-24
3.06107e-24
3.05088e-24
3.04074e-24
3.03063e-24
3.02057e-24
3.01054e-24
3.00055e-24
2.99061e-24
2.98070e-24
2.97083e-24
2.96100e-24
2.95121e-24
2.94146e-24
2.93175e-24
2.92207e-24
2.91244e-24
2.90284e-24
2.89328e-24
2.88375e-24
2.87427e-24
2.86482e-24
2.85541e-24
2.84603e-24
2.83669e-24
2.82739e-24
2.81812e-24
2.80889e-24
2.79970e-24
2.79054e-24
2.78142e-24
2.77233e-24
2.76328e-24
2.75427e-24
2.74529e-24
2.73634e-24
2.72743e-24
2.71855e-24
2.70971e-24
2.70090e-24
2.69213e-24
2.68339e-24
2.67468e-24
2.66601e-24
2.65737e-24
2.64877e-24
2.64020e-24
2.63166e-24
2.62315e-24
2.61468e-24
2.60624e-24
2.59783e-24
2.58945e-24
2.58111e-24
2.57280e-24
2.56452e-24
2.55627e-24
2.54805e-24
2.53987e-24
2.53171e-24
2.52359e-24
2.51550e-24
2.50744e-24
2.49941e-24
2.49141e-24
2.48344e-24
2.47550e-24
2.46760e-24
2.45972e-24
2.45187e-24
2.44405e-24
2.43626e-24
2.42851e-24
2.42078e-24
2.41308e-24
2.40541e-24
2.39776e-24
2.39015e-24
2.38257e-24
2.37501e-24
2.36749e-24
2.35999e-24
2.35252e-24
2.34508e-24
2.33766e-24
2.33028e-24
2.32292e-24
2.31559e-24
2.30829e-24
2.30101e-24
2.29376e-24
2.28654e-24
2.27935e-24
2.27218e-24
2.26504e-24
2.25793e-24
2.25084e-24
2.24378e-24
2.23675e-24
2.22974e-24
2.22276e-24
2.21581e-24
2.20888e-24
2.20197e-24
2.19510e-24
2.18824e-24
2.18142e-24
2.17462e-24
2.16784e-24
2.16109e-24
2.15436e-24
2.14766e-24
2.14099e-24
2.13434e-24
2.12771e-24
2.12111e-24
2.11453e-24
2.10798e-24
2.10145e-24
2.09494e-24
2.08846e-24
2.08201e-24
2.07557e-24
2.06916e-24
2.06278e-24
2.05641e-24
2.05008e-24
2.04376e-24
2.03747e-24
2.03120e-24
2.02495e-24
2.01873e-24
2.01253e-24
2.00635e-24
2.00019e-24
1.99406e-24
1.98795e-24
1.98186e-24
1.97579e-24
1.96975e-24
1.96373e-24
1.95773e-24
1.95175e-24
1.94579e-24
1.93986e-24
1.93394e-24
1.92805e-24
1.92218e-24
1.91633e-24
1.91050e-24
1.90470e-24
1.89891e-24
1.89315e-24
1.88740e-24
1.88168e-24
1.87598e-24
1.87029e-24
1.86463e-24
1.85899e-24
1.85337e-24
1.84777e-24
1.84219e-24
1.83663e-24
1.83109e-24
1.82557e-24
1.82007e-24
1.81459e-24
1.80913e-24
1.80369e-24
1.79826e-24
1.79286e-24
1.78748e-24
1.78211e-24
1.77677e-24
1.77144e-24
1.76614e-24
1.76085e-24
1.75558e-24
1.75033e-24
1.74510e-24
1.73989e-24
1.73469e-24
1.72952e-24
1.72436e-24
1.71922e-24
1.71410e-24
1.70900e-24
1.70391e-24
1.69885e-24
1.69380e-24
1.68877e-24
1.68376e-24
1.67876e-24
1.67379e-24
1.66883e-24
1.66388e-24
1.65896e-24
1.65405e-24
1.64916e-24
1.64429e-24
1.63943e-24
1.63460e-24
1.62977e-24
1.62497e-24
1.62018e-24
1.61541e-24
1.61066e-24
1.60592e-24
1.60120e-24
1.59650e-24
1.59181e-24
1.58714e-24
1.58248e-24
1.57784e-24
1.57322e-24
1.56861e-24
1.56402e-24
1.55945e-24
1.55489e-24
1.55035e-24
1.54582e-24
1.54131e-24
1.53682e-24
1.53234e-24
1.52788e-24
1.52343e-24
1.51899e-24
1.51458e-24
1.51017e-24
1.50579e-24
1.50142e-24
1.49706e-24
1.49272e-24
1.48839e-24
1.48408e-24
1.47978e-24
1.47550e-24
1.47124e-24
1.46698e-24
1.46275e-24
1.45852e-24
1.45431e-24
1.45012e-24
1.44594e-24
1.44178e-24
1.43762e-24
1.43349e-24
1.42937e-24
1.42526e-24
1.42116e-24
1.41708e-24
1.41302e-24
1.40897e-24
1.40493e-24
1.40090e-24
1.39689e-24
1.39289e-24
1.38891e-24
1.38494e-24
1.38099e-24
1.37704e-24
1.37311e-24
1.36920e-24
1.36529e-24
1.36140e-24
1.35753e-24
1.35367e-24
1.34982e-24
1.34598e-24
1.34216e-24
1.33834e-24
1.33455e-24
1.33076e-24
1.32699e-24
1.32323e-24
1.31948e-24
1.31575e-24
1.31203e-24
1.30832e-24
1.30462e-24
1.30094e-24
1.29727e-24
1.29361e-24
1.28996e-24
1.28633e-24
1.28270e-24
1.27909e-24
1.27549e-24
1.27191e-24
1.26833e-24
1.26477e-24
1.26122e-24
1.25768e-24
1.25416e-24
1.25064e-24
1.24714e-24
1.24365e-24
1.24017e-24
1.23670e-24
1.23325e-24
1.22980e-24
1.22637e-24
1.22295e-24
1.21954e-24
1.21614e-24
1.21275e-24
1.20937e-24
1.20601e-24
1.20265e-24
1.19931e-24
1.19598e-24
1.19266e-24
1.18935e-24
1.18605e-24
1.18276e-24
1.17948e-24
1.17621e-24
1.17296e-24
1.16971e-24
1.16648e-24
1.16326e-24
1.16004e-24
1.15684e-24
1.15365e-24
1.15047e-24
1.14730e-24
1.14414e-24
1.14099e-24
1.13785e-24
1.13472e-24
1.13160e-24
1.12849e-24
1.12539e-24
1.12230e-24
1.11922e-24
1.11615e-24
1.11309e-24
1.11005e-24
1.10701e-24
1.10398e-24
1.10096e-24
1.09795e-24
1.09495e-24
1.09196e-24
1.08898e-24
1.08601e-24
1.08305e-24
1.08010e-24
1.07716e-24
1.07423e-24
1.07130e-24
1.06839e-24
1.06549e-24
1.06259e-24
1.05971e-24
1.05683e-24
1.05397e-24
1.05111e-24
1.04826e-24
1.04542e-24
1.04259e-24
1.03977e-24
1.03696e-24
1.03416e-24
1.03136e-24
1.02858e-24
1.02581e-24
1.02304e-24
1.02028e-24
1.01753e-24
1.01479e-24
1.01206e-24
1.00934e-24
1.00662e-24
1.00392e-24
1.00122e-24
9.98535e-25
9.95855e-25
9.93184e-25
9.90522e-25
9.87868e-25
9.85223e-25
9.82586e-25
9.79957e-25
9.77337e-25
9.74725e-25
9.72121e-25
9.69525e-25
9.66938e-25
9.64359e-25
9.61788e-25
9.59225e-25
9.56670e-25
9.54124e-25
9.51585e-25
9.49054e-25
9.46532e-25
9.44017e-25
9.41510e-25
9.39011e-25
9.36520e-25
9.34037e-25
9.31562e-25
9.29094e-25
9.26634e-25
9.24182e-25
9.21737e-25
9.19301e-25
9.16871e-25
9.14450e-25
9.12036e-25
9.09629e-25
9.07230e-25
9.04838e-25
9.02454e-25
9.00078e-25
8.97709e-25
8.95347e-25
8.92992e-25
8.90645e-25
8.88305e-25
8.85972e-25
8.83647e-25
8.81329e-25
8.79018e-25
8.76714e-25
8.74417e-25
8.72128e-25
8.69845e-25
8.67570e-25
8.65301e-25
8.63040e-25
8.60786e-25
8.58538e-25
8.56298e-25
8.54064e-25
8.51837e-25
8.49617e-25
8.47404e-25
8.45198e-25
8.42999e-25
8.40806e-25
8.38620e-25
8.36441e-25
8.34268e-25
8.32102e-25
8.29943e-25
8.27790e-25
8.25644e-25
8.23505e-25
8.21372e-25
8.19246e-25
8.17126e-25
8.15013e-25
8.12906e-25
8.10805e-25
8.08711e-25
8.06624e-25
8.04543e-25
8.02468e-25
8.00399e-25
7.98337e-25
7.96281e-25
7.94232e-25
7.92188e-25
7.90151e-25
7.88120e-25
7.86095e-25
7.84077e-25
7.82064e-25
7.80058e-25
7.78058e-25
7.76063e-25
7.74075e-25
7.72093e-25
7.70117e-25
7.68147e-25
7.66183e-25
7.64225e-25
7.62273e-25
7.60326e-25
7.58386e-25
7.56451e-25
7.54523e-25
7.52600e-25
7.50683e-25
7.48772e-25
7.46866e-25
7.44967e-25
7.43073e-25
7.41185e-25
7.39302e-25
7.37425e-25
7.35554e-25
7.33689e-25
7.31829e-25
7.29974e-25
7.28126e-25
7.26282e-25
7.24445e-25
7.22613e-25
7.20786e-25
7.18965e-25
7.17150e-25
7.15339e-25
7.13535e-25
7.11735e-25
7.09941e-25
7.08153e-25
7.06370e-25
7.04592e-25
7.02819e-25
7.01052e-25
6.99290e-25
6.97534e-25
6.95782e-25
6.94036e-25
6.92295e-25
6.90560e-25
6.88829e-25
6.87104e-25
6.85384e-25
6.83669e-25
6.81959e-25
6.80254e-25
6.78554e-25
6.76859e-25
6.75170e-25
6.73485e-25
6.71805e-25
6.70131e-25
6.68461e-25
6.66796e-25
6.65137e-25
6.63482e-25
6.61832e-25
6.60187e-25
6.58547e-25
6.56912e-25
6.55281e-25
6.53656e-25
6.52035e-25
6.50419e-25
6.48808e-25
6.47202e-25
6.45600e-25
6.44003e-25
6.42411e-25
6.40824e-25
6.39241e-25
6.37663e-25
6.36090e-25
6.34521e-25
6.32957e-25
6.31397e-25
6.29842e-25
6.28292e-25
6.26746e-25
6.25205e-25
6.23668e-25
6.22136e-25
6.20609e-25
6.19085e-25
6.17567e-25
6.16053e-25
6.14543e-25
6.13038e-25
6.11537e-25
6.10040e-25
6.08548e-25
6.07060e-25
6.05577e-25
6.04098e-25
6.02624e-25
6.01153e-25
5.99687e-25
5.98225e-25
5.96768e-25
5.95315e-25
5.93866e-25
5.92421e-25
5.90981e-25
5.89545e-25
5.88112e-25
5.86685e-25
5.85261e-25
5.83841e-25
5.82426e-25
5.81015e-25
5.79607e-25
5.78204e-25
5.76805e-25
5.75410e-25
5.74019e-25
5.72633e-25
5.71250e-25
5.69871e-25
5.68496e-25
5.67125e-25
5.65758e-25
5.64395e-25
5.63036e-25
5.61681e-25
5.60330e-25
5.58983e-25
5.57640e-25
5.56300e-25
5.54965e-25
5.53633e-25
5.52305e-25
5.50981e-25
5.49661e-25
5.48344e-25
5.47031e-25
5.45722e-25
5.44417e-25
5.43116e-25
5.41818e-25
5.40524e-25
5.39234e-25
5.37947e-25
5.36664e-25
5.35385e-25
5.34110e-25
5.32838e-25
5.31569e-25
5.30305e-25
5.29044e-25
5.27786e-25
5.26532e-25
5.25282e-25
5.24035e-25
5.22792e-25
5.21552e-25
5.20316e-25
5.19083e-25
5.17854e-25
5.16629e-25
5.15406e-25
5.14188e-25
5.12972e-25
5.11761e-25
5.10552e-25
5.09347e-25
5.08146e-25
5.06947e-25
5.05753e-25
5.04561e-25
5.03373e-25
5.02188e-25
5.01007e-25
4.99829e-25
4.98654e-25
4.97483e-25
4.96315e-25
4.95150e-25
4.93988e-25
4.92830e-25
4.91675e-25
4.90523e-25
4.89374e-25
4.88229e-25
4.87087e-25
4.85948e-25
4.84812e-25
4.83679e-25
4.82550e-25
4.81423e-25
4.80300e-25
4.79180e-25
4.78063e-25
4.76949e-25
4.75839e-25
4.74731e-25
4.73626e-25
4.72525e-25
4.71426e-25
4.70331e-25
4.69239e-25
4.68149e-25
4.67063e-25
4.65980e-25
4.64899e-25
4.63822e-25
4.62748e-25
4.61676e-25
4.60608e-25
4.59543e-25
4.58480e-25
4.57421e-25
4.56364e-25
4.55310e-25
4.54259e-25
4.53211e-25
4.52166e-25
4.51124e-25
4.50085e-25
4.49048e-25
4.48015e-25
4.46984e-25
4.45956e-25
4.44931e-25
4.43908e-25
4.42889e-25
4.41872e-25
4.40858e-25
4.39847e-25
4.38838e-25
4.37832e-25
4.36829e-25
4.35829e-25
4.34832e-25
4.33837e-25
4.32845e-25
4.31855e-25
4.30869e-25
4.29885e-25
4.28903e-25
4.27925e-25
4.26949e-25
4.25975e-25
4.25005e-25
4.24036e-25
4.23071e-25
4.22108e-25
4.21148e-25
4.20190e-25
4.19235e-25
4.18282e-25
4.17332e-25
4.16385e-25
4.15440e-25
4.14498e-25
4.13558e-25
4.12621e-25
4.11686e-25
4.10754e-25
4.09824e-25
4.08897e-25
4.07972e-25
4.07050e-25
4.06130e-25
4.05213e-25
4.04298e-25
4.03386e-25
4.02476e-25
4.01569e-25
4.00664e-25
3.99761e-25
3.98861e-25
3.97963e-25
3.97067e-25
3.96174e-25
3.95284e-25
3.94395e-25
3.93510e-25
3.92626e-25
3.91745e-25
3.90866e-25
3.89990e-25
3.89115e-25
3.88244e-25
3.87374e-25
3.86507e-25
3.85642e-25
3.84779e-25
3.83919e-25
3.83061e-25
3.82205e-25
3.81352e-25
3.80501e-25
3.79652e-25
3.78805e-25
3.77961e-25
3.77118e-25
3.76278e-25
3.75441e-25
3.74605e-25
3.73772e-25
3.72941e-25
3.72112e-25
3.71285e-25
3.70460e-25
3.69638e-25
3.68818e-25
3.68000e-25
3.67184e-25
3.66370e-25
3.65558e-25
3.64749e-25
3.63942e-25
3.63136e-25
3.62333e-25
3.61532e-25
3.60733e-25
3.59937e-25
3.59142e-25
3.58349e-25
3.57559e-25
3.56770e-25
3.55984e-25
3.55200e-25
3.54417e-25
3.53637e-25
3.52859e-25
3.52083e-25
3.51309e-25
3.50537e-25
3.49767e-25
3.48999e-25
3.48232e-25
3.47468e-25
3.46706e-25
3.45946e-25
3.45188e-25
3.44432e-25
3.43678e-25
3.42926e-25
3.42175e-25
3.41427e-25
3.40681e-25
3.39936e-25
3.39194e-25
3.38453e-25
3.37715e-25
3.36978e-25
3.36243e-25
3.35511e-25
3.34780e-25
3.34050e-25
3.33323e-25
3.32598e-25
3.31875e-25
3.31153e-25
3.30433e-25
3.29716e-25
3.29000e-25
3.28285e-25
3.27573e-25
3.26863e-25
3.26154e-25
3.25447e-25
3.24742e-25
3.24039e-25
3.23338e-25
3.22638e-25
3.21941e-25
3.21245e-25
3.20551e-25
3.19858e-25
3.19168e-25
3.18479e-25
3.17792e-25
3.17107e-25
3.16423e-25
3.15741e-25
3.15061e-25
3.14383e-25
3.13707e-25
3.13032e-25
3.12359e-25
3.11688e-25
3.11018e-25
3.10350e-25
3.09684e-25
3.09019e-25
3.08357e-25
3.07696e-25
3.07036e-25
3.06378e-25
3.05722e-25
3.05068e-25
3.04415e-25
3.03764e-25
3.03115e-25
3.02467e-25
3.01821e-25
3.01177e-25
3.00534e-25
2.99893e-25
2.99253e-25
2.98615e-25
2.97979e-25
2.97344e-25
2.96711e-25
2.96080e-25
2.95450e-25
2.94822e-25
2.94195e-25
2.93570e-25
2.92946e-25
2.92324e-25
2.91704e-25
2.91085e-25
2.90468e-25
2.89852e-25
2.89238e-25
2.88626e-25
2.88015e-25
2.87405e-25
2.86797e-25
2.86191e-25
2.85586e-25
2.84983e-25
2.84381e-25
2.83781e-25
2.83182e-25
2.82585e-25
2.81989e-25
2.81394e-25
2.80802e-25
2.80210e-25
2.79620e-25
2.79032e-25
2.78445e-25
2.77860e-25
2.77276e-25
2.76693e-25
2.76112e-25
2.75533e-25
2.74955e-25
2.74378e-25
2.73803e-25
2.73229e-25
2.72657e-25
2.72086e-25
2.71516e-25
2.70948e-25
2.70381e-25
2.69816e-25
2.69252e-25
2.68690e-25
2.68129e-25
2.67569e-25
2.67011e-25
2.66454e-25
2.65898e-25
2.65344e-25
2.64791e-25
2.64240e-25
2.63690e-25
2.63141e-25
2.62594e-25
2.62048e-25
2.61504e-25
2.60960e-25
2.60418e-25
2.59878e-25
2.59339e-25
2.58801e-25
2.58264e-25
2.57729e-25
2.57195e-25
2.56662e-25
2.56131e-25
2.55601e-25
2.55073e-25
2.54545e-25
2.54019e-25
2.53494e-25
2.52971e-25
2.52449e-25
2.51928e-25
2.51408e-25
2.50890e-25
2.50373e-25
2.49857e-25
2.49342e-25
2.48829e-25
2.48317e-25
2.47806e-25
2.47297e-25
2.46788e-25
2.46281e-25
2.45776e-25
2.45271e-25
2.44768e-25
2.44266e-25
2.43765e-25
2.43265e-25
2.42767e-25
2.42269e-25
2.41773e-25
2.41279e-25
2.40785e-25
2.40293e-25
2.39802e-25
2.39312e-25
2.38823e-25
2.38335e-25
2.37849e-25
2.37363e-25
2.36879e-25
2.36396e-25
2.35915e-25
2.35434e-25
2.34955e-25
2.34477e-25
2.33999e-25
2.33524e-25
2.33049e-25
2.32575e-25
2.32103e-25
2.31631e-25
2.31161e-25
2.30692e-25
2.30224e-25
2.29757e-25
2.29292e-25
2.28827e-25
2.28364e-25
2.27901e-25
2.27440e-25
2.26980e-25
2.26521e-25
2.26063e-25
2.25607e-25
2.25151e-25
2.24696e-25
2.24243e-25
2.23790e-25
2.23339e-25
2.22889e-25
2.22440e-25
2.21992e-25
2.21545e-25
2.21099e-25
2.20654e-25
2.20210e-25
2.19767e-25
2.19326e-25
2.18885e-25
2.18445e-25
2.18007e-25
2.17569e-25
2.17133e-25
2.16697e-25
2.16263e-25
2.15830e-25
2.15397e-25
2.14966e-25
2.14536e-25
2.14107e-25
2.13679e-25
2.13251e-25
2.12825e-25
2.12400e-25
2.11976e-25
2.11553e-25
2.11131e-25
2.10710e-25
2.10289e-25
2.09870e-25
2.09452e-25
2.09035e-25
2.08619e-25
2.08204e-25
2.07789e-25
2.07376e-25
2.06964e-25
2.06553e-25
2.06142e-25
2.05733e-25
2.05325e-25
2.04917e-25
2.04511e-25
2.04106e-25
2.03701e-25
2.03297e-25
2.02895e-25
2.02493e-25
2.02092e-25
2.01693e-25
2.01294e-25
2.00896e-25
2.00499e-25
2.00103e-25
1.99708e-25
1.99314e-25
1.98920e-25
1.98528e-25
1.98137e-25
1.97746e-25
1.97357e-25
1.96968e-25
1.96580e-25
1.96193e-25
1.95808e-25
1.95423e-25
1.95038e-25
1.94655e-25
1.94273e-25
1.93891e-25
1.93511e-25
1.93131e-25
1.92752e-25
1.92375e-25
1.91998e-25
1.91621e-25
1.91246e-25
1.90872e-25
1.90498e-25
1.90126e-25
1.89754e-25
1.89383e-25
1.89013e-25
1.88644e-25
1.88275e-25
1.87908e-25
1.87541e-25
1.87176e-25
1.86811e-25
1.86447e-25
1.86083e-25
1.85721e-25
1.85359e-25
1.84999e-25
1.84639e-25
1.84280e-25
1.83922e-25
1.83564e-25
1.83208e-25
1.82852e-25
1.82497e-25
1.82143e-25
1.81790e-25
1.81437e-25
1.81085e-25
1.80735e-25
1.80385e-25
1.80035e-25
1.79687e-25
1.79339e-25
1.78993e-25
1.78647e-25
1.78301e-25
1.77957e-25
1.77613e-25
1.77270e-25
1.76928e-25
1.76587e-25
1.76247e-25
1.75907e-25
1.75568e-25
1.75230e-25
1.74892e-25
1.74556e-25
1.74220e-25
1.73885e-25
1.73551e-25
1.73217e-25
1.72884e-25
1.72552e-25
1.72221e-25
1.71891e-25
1.71561e-25
1.71232e-25
1.70904e-25
1.70576e-25
1.70249e-25
1.69923e-25
1.69598e-25
1.69274e-25
1.68950e-25
1.68627e-25
1.68305e-25
1.67983e-25
1.67662e-25
1.67342e-25
1.67023e-25
1.66704e-25
1.66386e-25
1.66069e-25
1.65752e-25
1.65437e-25
1.65122e-25
1.64807e-25
1.64494e-25
1.64181e-25
1.63869e-25
1.63557e-25
1.63246e-25
1.62936e-25
1.62627e-25
1.62318e-25
1.62010e-25
1.61703e-25
1.61396e-25
1.61090e-25
1.60785e-25
1.60480e-25
1.60177e-25
1.59873e-25
1.59571e-25
1.59269e-25
1.58968e-25
1.58668e-25
1.58368e-25
1.58069e-25
1.57770e-25
1.57473e-25
1.57175e-25
1.56879e-25
1.56583e-25
1.56288e-25
1.55994e-25
1.55700e-25
1.55407e-25
1.55114e-25
1.54823e-25
1.54532e-25
1.54241e-25
1.53951e-25
1.53662e-25
1.53373e-25
1.53086e-25
1.52798e-25
1.52512e-25
1.52226e-25
1.51940e-25
1.51656e-25
1.51372e-25
1.51088e-25
1.50805e-25
1.50523e-25
1.50242e-25
1.49961e-25
1.49680e-25
1.49401e-25
1.49122e-25
1.48843e-25
1.48565e-25
1.48288e-25
1.48012e-25
1.47736e-25
1.47460e-25
1.47186e-25
1.46912e-25
1.46638e-25
1.46365e-25
1.46093e-25
1.45821e-25
1.45550e-25
1.45279e-25
1.45010e-25
1.44740e-25
1.44472e-25
1.44203e-25
1.43936e-25
1.43669e-25
1.43403e-25
1.43137e-25
1.42872e-25
1.42607e-25
1.42343e-25
1.42080e-25
1.41817e-25
1.41555e-25
1.41293e-25
1.41032e-25
1.40771e-25
1.40511e-25
1.40252e-25
1.39993e-25
1.39735e-25
1.39477e-25
1.39220e-25
1.38963e-25
1.38707e-25
1.38452e-25
1.38197e-25
1.37943e-25
1.37689e-25
1.37436e-25
1.37183e-25
1.36931e-25
1.36679e-25
1.36428e-25
1.36178e-25
1.35928e-25
1.35679e-25
1.35430e-25
1.35182e-25
1.34934e-25
1.34687e-25
1.34440e-25
1.34194e-25
1.33948e-25
1.33703e-25
1.33459e-25
1.33215e-25
1.32971e-25
1.32729e-25
1.32486e-25
1.32244e-25
1.32003e-25
1.31762e-25
1.31522e-25
1.31282e-25
1.31043e-25
1.30804e-25
1.30566e-25
1.30328e-25
1.30091e-25
1.29854e-25
1.29618e-25
1.29383e-25
1.29147e-25
1.28913e-25
1.28679e-25
1.28445e-25
1.28212e-25
1.27979e-25
1.27747e-25
1.27516e-25
1.27285e-25
1.27054e-25
1.26824e-25
1.26594e-25
1.26365e-25
1.26137e-25
1.25908e-25
1.25681e-25
1.25454e-25
1.25227e-25
1.25001e-25
1.24775e-25
1.24550e-25
1.24325e-25
1.24101e-25
1.23877e-25
1.23654e-25
1.23431e-25
1.23209e-25
1.22987e-25
1.22766e-25
1.22545e-25
1.22324e-25
1.22104e-25
1.21885e-25
1.21666e-25
1.21447e-25
1.21229e-25
1.21012e-25
1.20794e-25
1.20578e-25
1.20362e-25
1.20146e-25
1.19931e-25
1.19716e-25
1.19501e-25
1.19287e-25
1.19074e-25
1.18861e-25
1.18648e-25
1.18436e-25
1.18225e-25
1.18013e-25
1.17803e-25
1.17592e-25
1.17382e-25
1.17173e-25
1.16964e-25
1.16756e-25
1.16547e-25
1.16340e-25
1.16133e-25
1.15926e-25
1.15719e-25
1.15514e-25
1.15308e-25
1.15103e-25
1.14898e-25
1.14694e-25
1.14491e-25
1.14287e-25
1.14084e-25
1.13882e-25
1.13680e-25
1.13478e-25
1.13277e-25
1.13076e-25
1.12876e-25
1.12676e-25
1.12477e-25
1.12278e-25
1.12079e-25
1.11881e-25
1.11683e-25
1.11486e-25
1.11289e-25
1.11092e-25
1.10896e-25
1.10700e-25
1.10505e-25
1.10310e-25
1.10116e-25
1.09922e-25
1.09728e-25
1.09535e-25
1.09342e-25
1.09149e-25
1.08957e-25
1.08765e-25
1.08574e-25
1.08383e-25
1.08193e-25
1.08003e-25
1.07813e-25
1.07624e-25
1.07435e-25
1.07246e-25
1.07058e-25
1.06871e-25
1.06683e-25
1.06496e-25
1.06310e-25
1.06124e-25
1.05938e-25
1.05753e-25
1.05568e-25
1.05383e-25
1.05199e-25
1.05015e-25
1.04831e-25
1.04648e-25
1.04466e-25
1.04283e-25
1.04101e-25
1.03920e-25
1.03739e-25
1.03558e-25
1.03377e-25
1.03197e-25
1.03018e-25
1.02838e-25
1.02659e-25
1.02481e-25
1.02303e-25
1.02125e-25
1.01947e-25
1.01770e-25
1.01593e-25
1.01417e-25
1.01241e-25
1.01065e-25
1.00890e-25
1.00715e-25
1.00541e-25
1.00366e-25
1.00193e-25
1.00019e-25
9.98459e-26
9.96731e-26
9.95007e-26
9.93286e-26
9.91569e-26
9.89855e-26
9.88145e-26
9.86439e-26
9.84735e-26
9.83036e-26
9.81340e-26
9.79647e-26
9.77958e-26
9.76272e-26
9.74589e-26
9.72911e-26
9.71235e-26
9.69563e-26
9.67894e-26
9.66229e-26
9.64567e-26
9.62909e-26
9.61254e-26
9.59602e-26
9.57954e-26
9.56309e-26
9.54667e-26
9.53029e-26
9.51394e-26
9.49763e-26
9.48134e-26
9.46510e-26
9.44888e-26
9.43270e-26
9.41654e-26
9.40043e-26
9.38434e-26
9.36829e-26
9.35227e-26
9.33628e-26
9.32033e-26
9.30440e-26
9.28851e-26
9.27265e-26
9.25683e-26
9.24103e-26
9.22527e-26
9.20954e-26
9.19384e-26
9.17818e-26
9.16254e-26
9.14694e-26
9.13137e-26
9.11583e-26
9.10032e-26
9.08484e-26
9.06939e-26
9.05398e-26
9.03859e-26
9.02324e-26
9.00791e-26
8.99262e-26
8.97736e-26
8.96213e-26
8.94693e-26
8.93176e-26
8.91662e-26
8.90151e-26
8.88644e-26
8.87139e-26
8.85637e-26
8.84138e-26
8.82643e-26
8.81150e-26
8.79660e-26
8.78173e-26
8.76689e-26
8.75209e-26
8.73731e-26
8.72256e-26
8.70784e-26
8.69315e-26
8.67849e-26
8.66386e-26
8.64925e-26
8.63468e-26
8.62014e-26
8.60562e-26
8.59113e-26
8.57668e-26
8.56225e-26
8.54785e-26
8.53348e-26
8.51914e-26
8.50482e-26
8.49054e-26
8.47628e-26
8.46205e-26
8.44785e-26
8.43368e-26
8.41953e-26
8.40542e-26
8.39133e-26
8.37727e-26
8.36324e-26
8.34923e-26
8.33526e-26
8.32131e-26
8.30739e-26
8.29349e-26
8.27963e-26
8.26579e-26
8.25198e-26
8.23820e-26
8.22444e-26
8.21071e-26
8.19701e-26
8.18333e-26
8.16969e-26
8.15606e-26
8.14247e-26
8.12890e-26
8.11536e-26
8.10185e-26
8.08836e-26
8.07490e-26
8.06147e-26
8.04806e-26
8.03468e-26
8.02133e-26
8.00800e-26
7.99470e-26
7.98142e-26
7.96817e-26
7.95495e-26
7.94175e-26
7.92858e-26
7.91543e-26
7.90231e-26
7.88922e-26
7.87615e-26
7.86311e-26
7.85009e-26
7.83710e-26
7.82413e-26
7.81119e-26
7.79828e-26
7.78539e-26
7.77252e-26
7.75968e-26
7.74687e-26
7.73408e-26
7.72131e-26
7.70857e-26
7.69586e-26
7.68317e-26
7.67050e-26
7.65786e-26
7.64525e-26
7.63266e-26
7.62009e-26
7.60755e-26
7.59503e-26
7.58254e-26
7.57007e-26
7.55763e-26
7.54521e-26
7.53281e-26
7.52044e-26
7.50810e-26
7.49577e-26
7.48347e-26
7.47120e-26
7.45895e-26
7.44672e-26
7.43451e-26
7.42233e-26
7.41018e-26
7.39804e-26
7.38594e-26
7.37385e-26
7.36179e-26
7.34975e-26
7.33773e-26
7.32574e-26
7.31377e-26
7.30183e-26
7.28990e-26
7.27800e-26
7.26613e-26
7.25427e-26
7.24244e-26
7.23063e-26
7.21885e-26
7.20709e-26
7.19535e-26
7.18363e-26
7.17194e-26
7.16027e-26
7.14862e-26
7.13699e-26
7.12539e-26
7.11380e-26
7.10224e-26
7.09071e-26
7.07919e-26
7.06770e-26
7.05623e-26
7.04478e-26
7.03335e-26
7.02195e-26
7.01057e-26
6.99921e-26
6.98787e-26
6.97655e-26
6.96526e-26
6.95398e-26
6.94273e-26
6.93150e-26
6.92029e-26
6.90910e-26
6.89794e-26
6.88679e-26
6.87567e-26
6.86457e-26
6.85349e-26
6.84243e-26
6.83139e-26
6.82038e-26
6.80938e-26
6.79840e-26
6.78745e-26
6.77652e-26
6.76561e-26
6.75472e-26
6.74384e-26
6.73300e-26
6.72217e-26
6.71136e-26
6.70057e-26
6.68980e-26
6.67906e-26
6.66833e-26
6.65763e-26
6.64694e-26
6.63628e-26
6.62563e-26
6.61501e-26
6.60440e-26
6.59382e-26
6.58326e-26
6.57271e-26
6.56219e-26
6.55169e-26
6.54120e-26
6.53074e-26
6.52030e-26
6.50987e-26
6.49947e-26
6.48908e-26
6.47872e-26
6.46837e-26
6.45805e-26
6.44774e-26
6.43746e-26
6.42719e-26
6.41694e-26
6.40672e-26
6.39651e-26
6.38632e-26
6.37615e-26
6.36600e-26
6.35587e-26
6.34575e-26
6.33566e-26
6.32559e-26
6.31553e-26
6.30549e-26
6.29548e-26
6.28548e-26
6.27550e-26
6.26554e-26
6.25560e-26
6.24567e-26
6.23577e-26
6.22588e-26
6.21602e-26
6.20617e-26
6.19634e-26
6.18652e-26
6.17673e-26
6.16696e-26
6.15720e-26
6.14746e-26
6.13774e-26
6.12804e-26
6.11836e-26
6.10869e-26
6.09905e-26
6.08942e-26
6.07981e-26
6.07021e-26
6.06064e-26
6.05108e-26
6.04154e-26
6.03202e-26
6.02252e-26
6.01303e-26
6.00356e-26
5.99411e-26
5.98468e-26
5.97527e-26
5.96587e-26
5.95649e-26
5.94713e-26
5.93778e-26
5.92846e-26
5.91915e-26
5.90985e-26
5.90058e-26
5.89132e-26
5.88208e-26
5.87286e-26
5.86365e-26
5.85446e-26
5.84529e-26
5.83614e-26
5.82700e-26
5.81788e-26
5.80877e-26
5.79969e-26
5.79062e-26
5.78156e-26
5.77253e-26
5.76351e-26
5.75451e-26
5.74552e-26
5.73655e-26
5.72760e-26
5.71866e-26
5.70974e-26
5.70084e-26
5.69195e-26
5.68308e-26
5.67423e-26
5.66539e-26
5.65657e-26
5.64777e-26
5.63898e-26
5.63021e-26
5.62145e-26
5.61271e-26
5.60399e-26
5.59528e-26
5.58659e-26
5.57791e-26
5.56925e-26
5.56061e-26
5.55198e-26
5.54337e-26
5.53478e-26
5.52620e-26
5.51763e-26
5.50908e-26
5.50055e-26
5.49204e-26
5.48353e-26
5.47505e-26
5.46658e-26
5.45813e-26
5.44969e-26
5.44126e-26
5.43286e-26
5.42446e-26
5.41609e-26
5.40773e-26
5.39938e-26
5.39105e-26
5.38273e-26
5.37443e-26
5.36615e-26
5.35788e-26
5.34963e-26
5.34139e-26
5.33316e-26
5.32495e-26
5.31676e-26
5.30858e-26
5.30041e-26
5.29226e-26
5.28413e-26
5.27601e-26
5.26791e-26
5.25982e-26
5.25174e-26
5.24368e-26
5.23563e-26
5.22760e-26
5.21959e-26
5.21158e-26
5.20360e-26
5.19563e-26
5.18767e-26
5.17972e-26
5.17179e-26
5.16388e-26
5.15598e-26
5.14809e-26
5.14022e-26
5.13236e-26
5.12452e-26
5.11669e-26
5.10888e-26
5.10108e-26
5.09329e-26
5.08552e-26
5.07776e-26
5.07002e-26
5.06229e-26
5.05457e-26
5.04687e-26
5.03918e-26
5.03151e-26
5.02385e-26
5.01620e-26
5.00857e-26
5.00095e-26
4.99335e-26
4.98576e-26
4.97818e-26
4.97062e-26
4.96307e-26
4.95553e-26
4.94801e-26
4.94050e-26
4.93300e-26
4.92552e-26
4.91805e-26
4.91060e-26
4.90316e-26
4.89573e-26
4.88831e-26
4.88091e-26
4.87352e-26
4.86615e-26
4.85879e-26
4.85144e-26
4.84410e-26
4.83678e-26
4.82947e-26
4.82218e-26
4.81490e-26
4.80763e-26
4.80037e-26
4.79313e-26
4.78590e-26
4.77868e-26
4.77148e-26
4.76428e-26
4.75711e-26
4.74994e-26
4.74279e-26
4.73565e-26
4.72852e-26
4.72141e-26
4.71430e-26
4.70722e-26
4.70014e-26
4.69308e-26
4.68602e-26
4.67899e-26
4.67196e-26
4.66495e-26
4.65795e-26
4.65096e-26
4.64398e-26
4.63702e-26
4.63007e-26
4.62313e-26
4.61620e-26
4.60929e-26
4.60239e-26
4.59550e-26
4.58862e-26
4.58176e-26
4.57491e-26
4.56807e-26
4.56124e-26
4.55442e-26
4.54762e-26
4.54083e-26
4.53405e-26
4.52728e-26
4.52053e-26
4.51378e-26
4.50705e-26
4.50033e-26
4.49362e-26
4.48693e-26
4.48024e-26
4.47357e-26
4.46691e-26
4.46026e-26
4.45363e-26
4.44700e-26
4.44039e-26
4.43379e-26
4.42720e-26
4.42062e-26
4.41405e-26
4.40750e-26
4.40096e-26
4.39442e-26
4.38790e-26
4.38140e-26
4.37490e-26
4.36841e-26
4.36194e-26
4.35548e-26
4.34902e-26
4.34258e-26
4.33616e-26
4.32974e-26
4.32333e-26
4.31694e-26
4.31055e-26
4.30418e-26
4.29782e-26
4.29147e-26
4.28513e-26
4.27880e-26
4.27249e-26
4.26618e-26
4.25989e-26
4.25361e-26
4.24733e-26
4.24107e-26
4.23482e-26
4.22858e-26
4.22236e-26
4.21614e-26
4.20993e-26
4.20374e-26
4.19755e-26
4.19138e-26
4.18521e-26
4.17906e-26
4.17292e-26
4.16679e-26
4.16067e-26
4.15456e-26
4.14846e-26
4.14237e-26
4.13630e-26
4.13023e-26
4.12417e-26
4.11813e-26
4.11209e-26
4.10607e-26
4.10006e-26
4.09405e-26
4.08806e-26
4.08208e-26
4.07610e-26
4.07014e-26
4.06419e-26
4.05825e-26
4.05232e-26
4.04640e-26
4.04049e-26
4.03459e-26
4.02870e-26
4.02282e-26
4.01695e-26
4.01109e-26
4.00524e-26
3.99941e-26
3.99358e-26
3.98776e-26
3.98195e-26
3.97615e-26
3.97036e-26
3.96459e-26
3.95882e-26
3.95306e-26
3.94731e-26
3.94157e-26
3.93585e-26
3.93013e-26
3.92442e-26
3.91872e-26
3.91303e-26
3.90735e-26
3.90169e-26
3.89603e-26
3.89038e-26
3.88474e-26
3.87911e-26
3.87349e-26
3.86788e-26
3.86228e-26
3.85668e-26
3.85110e-26
3.84553e-26
3.83997e-26
3.83442e-26
3.82887e-26
3.82334e-26
3.81782e-26
3.81230e-26
3.80680e-26
3.80130e-26
3.79581e-26
3.79034e-26
3.78487e-26
3.77941e-26
3.77396e-26
3.76852e-26
3.76309e-26
3.75767e-26
3.75226e-26
3.74686e-26
3.74147e-26
3.73608e-26
3.73071e-26
3.72534e-26
3.71999e-26
3.71464e-26
3.70930e-26
3.70398e-26
3.69866e-26
3.69335e-26
3.68805e-26
3.68275e-26
3.67747e-26
3.67220e-26
3.66693e-26
3.66167e-26
3.65643e-26
3.65119e-26
3.64596e-26
3.64074e-26
3.63553e-26
3.63033e-26
3.62513e-26
3.61995e-26
3.61477e-26
3.60961e-26
3.60445e-26
3.59930e-26
3.59416e-26
3.58902e-26
3.58390e-26
3.57879e-26
3.57368e-26
3.56858e-26
3.56350e-26
3.55842e-26
3.55334e-26
3.54828e-26
3.54323e-26
3.53818e-26
3.53314e-26
3.52812e-26
3.52310e-26
3.51808e-26
3.51308e-26
3.50809e-26
3.50310e-26
3.49812e-26
3.49315e-26
3.48819e-26
3.48324e-26
3.47830e-26
3.47336e-26
3.46843e-26
3.46352e-26
3.45861e-26
3.45370e-26
3.44881e-26
3.44392e-26
3.43905e-26
3.43418e-26
3.42931e-26
3.42446e-26
3.41962e-26
3.41478e-26
3.40995e-26
3.40513e-26
3.40032e-26
3.39552e-26
3.39072e-26
3.38593e-26
3.38115e-26
3.37638e-26
3.37162e-26
3.36686e-26
3.36211e-26
3.35737e-26
3.35264e-26
3.34792e-26
3.34320e-26
3.33849e-26
3.33379e-26
3.32910e-26
3.32441e-26
3.31974e-26
3.31507e-26
3.31041e-26
3.30575e-26
3.30111e-26
3.29647e-26
3.29184e-26
3.28722e-26
3.28260e-26
3.27800e-26
3.27340e-26
3.26881e-26
3.26422e-26
3.25965e-26
3.25508e-26
3.25052e-26
3.24597e-26
3.24142e-26
3.23688e-26
3.23235e-26
3.22783e-26
3.22331e-26
3.21881e-26
3.21430e-26
3.20981e-26
3.20533e-26
3.20085e-26
3.19638e-26
3.19192e-26
3.18746e-26
3.18301e-26
3.17857e-26
3.17414e-26
3.16971e-26
3.16529e-26
3.16088e-26
3.15648e-26
3.15208e-26
3.14769e-26
3.14331e-26
3.13893e-26
3.13457e-26
3.13020e-26
3.12585e-26
3.12151e-26
3.11717e-26
3.11283e-26
3.10851e-26
3.10419e-26
3.09988e-26
3.09558e-26
3.09128e-26
3.08699e-26
3.08271e-26
3.07844e-26
3.07417e-26
3.06991e-26
3.06566e-26
3.06141e-26
3.05717e-26
3.05294e-26
3.04871e-26
3.04449e-26
3.04028e-26
3.03608e-26
3.03188e-26
3.02769e-26
3.02350e-26
3.01933e-26
3.01516e-26
3.01099e-26
3.00684e-26
3.00269e-26
2.99854e-26
2.99441e-26
2.99028e-26
2.98615e-26
2.98204e-26
2.97793e-26
2.97383e-26
2.96973e-26
2.96564e-26
2.96156e-26
2.95748e-26
2.95342e-26
2.94935e-26
2.94530e-26
2.94125e-26
2.93721e-26
2.93317e-26
2.92914e-26
2.92512e-26
2.92110e-26
2.91709e-26
2.91309e-26
2.90910e-26
2.90511e-26
2.90112e-26
2.89715e-26
2.89317e-26
2.88921e-26
2.88525e-26
2.88130e-26
2.87736e-26
2.87342e-26
2.86949e-26
2.86556e-26
2.86164e-26
2.85773e-26
2.85383e-26
2.84993e-26
2.84603e-26
2.84215e-26
2.83826e-26
2.83439e-26
2.83052e-26
2.82666e-26
2.82280e-26
2.81895e-26
2.81511e-26
2.81127e-26
2.80744e-26
2.80362e-26
2.79980e-26
2.79599e-26
2.79218e-26
2.78838e-26
2.78459e-26
2.78080e-26
2.77702e-26
2.77325e-26
2.76948e-26
2.76571e-26
2.76196e-26
2.75821e-26
2.75446e-26
2.75072e-26
2.74699e-26
2.74326e-26
2.73954e-26
2.73583e-26
2.73212e-26
2.72841e-26
2.72472e-26
2.72103e-26
2.71734e-26
2.71366e-26
2.70999e-26
2.70632e-26
2.70266e-26
2.69901e-26
2.69536e-26
2.69171e-26
2.68808e-26
2.68444e-26
2.68082e-26
2.67720e-26
2.67358e-26
2.66997e-26
2.66637e-26
2.66277e-26
2.65918e-26
2.65560e-26
2.65202e-26
2.64844e-26
2.64487e-26
2.64131e-26
2.63775e-26
2.63420e-26
2.63066e-26
2.62712e-26
2.62358e-26
2.62005e-26
2.61653e-26
2.61301e-26
2.60950e-26
2.60600e-26
2.60250e-26
2.59900e-26
2.59551e-26
2.59203e-26
2.58855e-26
2.58508e-26
2.58161e-26
2.57815e-26
2.57469e-26
2.57124e-26
2.56780e-26
2.56436e-26
2.56092e-26
2.55749e-26
2.55407e-26
2.55065e-26
2.54724e-26
2.54383e-26
2.54043e-26
2.53704e-26
2.53364e-26
2.53026e-26
2.52688e-26
2.52350e-26
2.52014e-26
2.51677e-26
2.51341e-26
2.51006e-26
2.50671e-26
2.50337e-26
2.50003e-26
2.49670e-26
2.49337e-26
2.49005e-26
2.48673e-26
2.48342e-26
2.48012e-26
2.47682e-26
2.47352e-26
2.47023e-26
2.46695e-26
2.46367e-26
2.46039e-26
2.45712e-26
2.45386e-26
2.45060e-26
2.44734e-26
2.44410e-26
2.44085e-26
2.43761e-26
2.43438e-26
2.43115e-26
2.42793e-26
2.42471e-26
2.42150e-26
2.41829e-26
2.41508e-26
2.41189e-26
2.40869e-26
2.40551e-26
2.40232e-26
2.39914e-26
2.39597e-26
2.39280e-26
2.38964e-26
2.38648e-26
2.38333e-26
2.38018e-26
2.37704e-26
2.37390e-26
2.37076e-26
2.36764e-26
2.36451e-26
2.36139e-26
2.35828e-26
2.35517e-26
2.35207e-26
2.34897e-26
2.34587e-26
2.34278e-26
2.33970e-26
2.33662e-26
2.33354e-26
2.33047e-26
2.32741e-26
2.32435e-26
2.32129e-26
2.31824e-26
2.31519e-26
2.31215e-26
2.30911e-26
2.30608e-26
2.30305e-26
2.30003e-26
2.29701e-26
2.29400e-26
2.29099e-26
2.28798e-26
2.28498e-26
2.28199e-26
2.27900e-26
2.27601e-26
2.27303e-26
2.27006e-26
2.26708e-26
2.26412e-26
2.26116e-26
2.25820e-26
2.25524e-26
2.25230e-26
2.24935e-26
2.24641e-26
2.24348e-26
2.24055e-26
2.23762e-26
2.23470e-26
2.23178e-26
2.22887e-26
2.22596e-26
2.22306e-26
2.22016e-26
2.21726e-26
2.21437e-26
2.21149e-26
2.20861e-26
2.20573e-26
2.20286e-26
2.19999e-26
2.19713e-26
2.19427e-26
2.19141e-26
2.18856e-26
2.18572e-26
2.18288e-26
2.18004e-26
2.17721e-26
2.17438e-26
2.17155e-26
2.16874e-26
2.16592e-26
2.16311e-26
2.16030e-26
2.15750e-26
2.15470e-26
2.15191e-26
2.14912e-26
2.14633e-26
2.14355e-26
2.14078e-26
2.13800e-26
2.13524e-26
2.13247e-26
2.12971e-26
2.12696e-26
2.12421e-26
2.12146e-26
2.11872e-26
2.11598e-26
2.11324e-26
2.11051e-26
2.10779e-26
2.10506e-26
2.10235e-26
2.09963e-26
2.09692e-26
2.09422e-26
2.09152e-26
2.08882e-26
2.08613e-26
2.08344e-26
2.08075e-26
2.07807e-26
2.07540e-26
2.07272e-26
2.07006e-26
2.06739e-26
2.06473e-26
2.06207e-26
2.05942e-26
2.05677e-26
2.05413e-26
2.05149e-26
2.04885e-26
2.04622e-26
2.04359e-26
2.04097e-26
2.03835e-26
2.03573e-26
2.03312e-26
2.03051e-26
2.02791e-26
2.02531e-26
2.02271e-26
2.02012e-26
2.01753e-26
2.01494e-26
2.01236e-26
2.00979e-26
2.00721e-26
2.00464e-26
2.00208e-26
1.99952e-26
1.99696e-26
1.99441e-26
1.99186e-26
1.98931e-26
1.98677e-26
1.98423e-26
1.98170e-26
1.97917e-26
1.97664e-26
1.97412e-26
1.97160e-26
1.96908e-26
1.96657e-26
1.96406e-26
1.96156e-26
1.95906e-26
1.95656e-26
1.95407e-26
1.95158e-26
1.94909e-26
1.94661e-26
1.94414e-26
1.94166e-26
1.93919e-26
1.93672e-26
1.93426e-26
1.93180e-26
1.92935e-26
1.92690e-26
1.92445e-26
1.92200e-26
1.91956e-26
1.91712e-26
1.91469e-26
1.91226e-26
1.90984e-26
1.90741e-26
1.90499e-26
1.90258e-26
1.90017e-26
1.89776e-26
1.89535e-26
1.89295e-26
1.89056e-26
1.88816e-26
1.88577e-26
1.88339e-26
1.88100e-26
1.87862e-26
1.87625e-26
1.87388e-26
1.87151e-26
1.86914e-26
1.86678e-26
1.86442e-26
1.86207e-26
1.85972e-26
1.85737e-26
1.85502e-26
1.85268e-26
1.85035e-26
1.84801e-26
1.84568e-26
1.84336e-26
1.84103e-26
1.83871e-26
1.83640e-26
1.83408e-26
1.83177e-26
1.82947e-26
1.82717e-26
1.82487e-26
1.82257e-26
1.82028e-26
1.81799e-26
1.81570e-26
1.81342e-26
1.81114e-26
1.80887e-26
1.80660e-26
1.80433e-26
1.80206e-26
1.79980e-26
1.79754e-26
1.79529e-26
1.79303e-26
1.79079e-26
1.78854e-26
1.78630e-26
1.78406e-26
1.78182e-26
1.77959e-26
1.77736e-26
1.77514e-26
1.77292e-26
1.77070e-26
1.76848e-26
1.76627e-26
1.76406e-26
1.76186e-26
1.75965e-26
1.75745e-26
1.75526e-26
1.75307e-26
1.75088e-26
1.74869e-26
1.74651e-26
1.74433e-26
1.74215e-26
1.73998e-26
1.73781e-26
1.73564e-26
1.73348e-26
1.73132e-26
1.72916e-26
1.72701e-26
1.72485e-26
1.72271e-26
1.72056e-26
1.71842e-26
1.71628e-26
1.71415e-26
1.71202e-26
1.70989e-26
1.70776e-26
1.70564e-26
1.70352e-26
1.70140e-26
1.69929e-26
1.69718e-26
1.69507e-26
1.69297e-26
1.69087e-26
1.68877e-26
1.68667e-26
1.68458e-26
1.68249e-26
1.68041e-26
1.67833e-26
1.67625e-26
1.67417e-26
1.67210e-26
1.67003e-26
1.66796e-26
1.66589e-26
1.66383e-26
1.66177e-26
1.65972e-26
1.65767e-26
1.65562e-26
1.65357e-26
1.65153e-26
1.64949e-26
1.64745e-26
1.64542e-26
1.64338e-26
1.64136e-26
1.63933e-26
1.63731e-26
1.63529e-26
1.63327e-26
1.63126e-26
1.62925e-26
1.62724e-26
1.62524e-26
1.62323e-26
1.62123e-26
1.61924e-26
1.61725e-26
1.61526e-26
1.61327e-26
1.61128e-26
1.60930e-26
1.60732e-26
1.60535e-26
1.60337e-26
1.60140e-26
1.59944e-26
1.59747e-26
1.59551e-26
1.59355e-26
1.59160e-26
1.58964e-26
1.58769e-26
1.58575e-26
1.58380e-26
1.58186e-26
1.57992e-26
1.57798e-26
1.57605e-26
1.57412e-26
1.57219e-26
1.57027e-26
1.56835e-26
1.56643e-26
1.56451e-26
1.56260e-26
1.56068e-26
1.55878e-26
1.55687e-26
1.55497e-26
1.55307e-26
1.55117e-26
1.54928e-26
1.54738e-26
1.54550e-26
1.54361e-26
1.54173e-26
1.53985e-26
1.53797e-26
1.53609e-26
1.53422e-26
1.53235e-26
1.53048e-26
1.52862e-26
1.52675e-26
1.52490e-26
1.52304e-26
1.52118e-26
1.51933e-26
1.51749e-26
1.51564e-26
1.51380e-26
1.51196e-26
1.51012e-26
1.50828e-26
1.50645e-26
1.50462e-26
1.50279e-26
1.50097e-26
1.49914e-26
1.49733e-26
1.49551e-26
1.49369e-26
1.49188e-26
1.49007e-26
1.48827e-26
1.48646e-26
1.48466e-26
1.48286e-26
1.48107e-26
1.47927e-26
1.47748e-26
1.47569e-26
1.47391e-26
1.47212e-26
1.47034e-26
1.46856e-26
1.46679e-26
1.46502e-26
1.46324e-26
1.46148e-26
1.45971e-26
1.45795e-26
1.45619e-26
1.45443e-26
1.45267e-26
1.45092e-26
1.44917e-26
1.44742e-26
1.44568e-26
1.44393e-26
1.44219e-26
1.44045e-26
1.43872e-26
1.43699e-26
1.43526e-26
1.43353e-26
1.43180e-26
1.43008e-26
1.42836e-26
1.42664e-26
1.42492e-26
1.42321e-26
1.42150e-26
1.41979e-26
1.41808e-26
1.41638e-26
1.41468e-26
1.41298e-26
1.41128e-26
1.40959e-26
1.40790e-26
1.40621e-26
1.40452e-26
1.40284e-26
1.40115e-26
1.39947e-26
1.39780e-26
1.39612e-26
1.39445e-26
1.39278e-26
1.39111e-26
1.38945e-26
1.38778e-26
1.38612e-26
1.38446e-26
1.38281e-26
1.38115e-26
1.37950e-26
1.37785e-26
1.37621e-26
1.37456e-26
1.37292e-26
1.37128e-26
1.36964e-26
1.36801e-26
1.36637e-26
1.36474e-26
1.36312e-26
1.36149e-26
1.35987e-26
1.35825e-26
1.35663e-26
1.35501e-26
1.35340e-26
1.35178e-26
1.35017e-26
1.34857e-26
1.34696e-26
1.34536e-26
1.34376e-26
1.34216e-26
1.34056e-26
1.33897e-26
1.33737e-26
1.33579e-26
1.33420e-26
1.33261e-26
1.33103e-26
1.32945e-26
1.32787e-26
1.32629e-26
1.32472e-26
1.32315e-26
1.32158e-26
1.32001e-26
1.31845e-26
1.31688e-26
1.31532e-26
1.31376e-26
1.31221e-26
1.31065e-26
1.30910e-26
1.30755e-26
1.30600e-26
1.30446e-26
1.30291e-26
1.30137e-26
1.29983e-26
1.29830e-26
1.29676e-26
1.29523e-26
1.29370e-26
1.29217e-26
1.29064e-26
1.28912e-26
1.28760e-26
1.28608e-26
1.28456e-26
1.28304e-26
1.28153e-26
1.28002e-26
1.27851e-26
1.27700e-26
1.27550e-26
1.27399e-26
1.27249e-26
1.27100e-26
1.26950e-26
1.26800e-26
1.26651e-26
1.26502e-26
1.26353e-26
1.26205e-26
1.26056e-26
1.25908e-26
1.25760e-26
1.25612e-26
1.25465e-26
1.25317e-26
1.25170e-26
1.25023e-26
1.24876e-26
1.24730e-26
1.24583e-26
1.24437e-26
1.24291e-26
1.24145e-26
1.24000e-26
1.23854e-26
1.23709e-26
1.23564e-26
1.23420e-26
1.23275e-26
1.23131e-26
1.22987e-26
1.22843e-26
1.22699e-26
1.22555e-26
1.22412e-26
1.22269e-26
1.22126e-26
1.21983e-26
1.21840e-26
1.21698e-26
1.21556e-26
1.21414e-26
1.21272e-26
1.21131e-26
1.20989e-26
1.20848e-26
1.20707e-26
1.20566e-26
1.20426e-26
1.20285e-26
1.20145e-26
1.20005e-26
1.19865e-26
1.19725e-26
1.19586e-26
1.19447e-26
1.19308e-26
1.19169e-26
1.19030e-26
1.18892e-26
1.18753e-26
1.18615e-26
1.18477e-26
1.18340e-26
1.18202e-26
1.18065e-26
1.17928e-26
1.17791e-26
1.17654e-26
1.17517e-26
1.17381e-26
1.17245e-26
1.17109e-26
1.16973e-26
1.16837e-26
1.16702e-26
1.16566e-26
1.16431e-26
1.16296e-26
1.16162e-26
1.16027e-26
1.15893e-26
1.15758e-26
1.15624e-26
1.15491e-26
1.15357e-26
1.15224e-26
1.15090e-26
1.14957e-26
1.14824e-26
1.14692e-26
1.14559e-26
1.14427e-26
1.14295e-26
1.14163e-26
1.14031e-26
1.13899e-26
1.13768e-26
1.13636e-26
1.13505e-26
1.13374e-26
1.13244e-26
1.13113e-26
1.12983e-26
1.12853e-26
1.12722e-26
1.12593e-26
1.12463e-26
1.12333e-26
1.12204e-26
1.12075e-26
1.11946e-26
1.11817e-26
1.11689e-26
1.11560e-26
1.11432e-26
1.11304e-26
1.11176e-26
1.11048e-26
1.10921e-26
1.10793e-26
1.10666e-26
1.10539e-26
1.10412e-26
1.10285e-26
1.10159e-26
1.10033e-26
1.09906e-26
1.09780e-26
1.09654e-26
1.09529e-26
1.09403e-26
1.09278e-26
1.09153e-26
1.09028e-26
1.08903e-26
1.08778e-26
1.08654e-26
1.08530e-26
1.08405e-26
1.08281e-26
1.08158e-26
1.08034e-26
1.07910e-26
1.07787e-26
1.07664e-26
1.07541e-26
1.07418e-26
1.07296e-26
1.07173e-26
1.07051e-26
1.06929e-26
1.06807e-26
1.06685e-26
1.06563e-26
1.06442e-26
1.06320e-26
1.06199e-26
1.06078e-26
1.05957e-26
1.05837e-26
1.05716e-26
1.05596e-26
1.05476e-26
1.05356e-26
1.05236e-26
1.05116e-26
1.04997e-26
1.04877e-26
1.04758e-26
1.04639e-26
1.04520e-26
1.04401e-26
1.04283e-26
1.04164e-26
1.04046e-26
1.03928e-26
1.03810e-26
1.03692e-26
1.03575e-26
1.03457e-26
1.03340e-26
1.03223e-26
1.03106e-26
1.02989e-26
1.02872e-26
1.02756e-26
1.02639e-26
1.02523e-26
1.02407e-26
1.02291e-26
1.02175e-26
1.02060e-26
1.01944e-26
1.01829e-26
1.01714e-26
1.01599e-26
1.01484e-26
1.01369e-26
1.01255e-26
1.01140e-26
1.01026e-26
1.00912e-26
1.00798e-26
1.00685e-26
1.00571e-26
1.00457e-26
1.00344e-26
1.00231e-26
1.00118e-26
1.00005e-26
9.98925e-27
9.97800e-27
9.96676e-27
9.95553e-27
9.94432e-27
9.93313e-27
9.92195e-27
9.91079e-27
9.89964e-27
9.88850e-27
9.87738e-27
9.86628e-27
9.85518e-27
9.84411e-27
9.83305e-27
9.82200e-27
9.81097e-27
9.79995e-27
9.78895e-27
9.77796e-27
9.76699e-27
9.75603e-27
9.74509e-27
9.73416e-27
9.72324e-27
9.71234e-27
9.70146e-27
9.69058e-27
9.67973e-27
9.66888e-27
9.65806e-27
9.64724e-27
9.63644e-27
9.62566e-27
9.61488e-27
9.60413e-27
9.59338e-27
9.58266e-27
9.57194e-27
9.56124e-27
9.55056e-27
9.53988e-27
9.52923e-27
9.51858e-27
9.50795e-27
9.49734e-27
9.48674e-27
9.47615e-27
9.46557e-27
9.45502e-27
9.44447e-27
9.43394e-27
9.42342e-27
9.41292e-27
9.40243e-27
9.39195e-27
9.38149e-27
9.37104e-27
9.36060e-27
9.35018e-27
9.33977e-27
9.32938e-27
9.31900e-27
9.30863e-27
9.29828e-27
9.28794e-27
9.27762e-27
9.26730e-27
9.25701e-27
9.24672e-27
9.23645e-27
9.22619e-27
9.21595e-27
9.20572e-27
9.19550e-27
9.18529e-27
9.17510e-27
9.16493e-27
9.15476e-27
9.14461e-27
9.13447e-27
9.12435e-27
9.11424e-27
9.10414e-27
9.09406e-27
9.08399e-27
9.07393e-27
9.06388e-27
9.05385e-27
9.04383e-27
9.03383e-27
9.02384e-27
9.01386e-27
9.00389e-27
8.99394e-27
8.98400e-27
8.97407e-27
8.96416e-27
8.95425e-27
8.94437e-27
8.93449e-27
8.92463e-27
8.91478e-27
8.90494e-27
8.89512e-27
8.88531e-27
8.87551e-27
8.86572e-27
8.85595e-27
8.84619e-27
8.83644e-27
8.82671e-27
8.81699e-27
8.80728e-27
8.79758e-27
8.78790e-27
8.77822e-27
8.76857e-27
8.75892e-27
8.74929e-27
8.73966e-27
8.73006e-27
8.72046e-27
8.71088e-27
8.70130e-27
8.69175e-27
8.68220e-27
8.67266e-27
8.66314e-27
8.65363e-27
8.64414e-27
8.63465e-27
8.62518e-27
8.61572e-27
8.60627e-27
8.59684e-27
8.58741e-27
8.57800e-27
8.56860e-27
8.55922e-27
8.54984e-27
8.54048e-27
8.53113e-27
8.52179e-27
8.51246e-27
8.50315e-27
8.49385e-27
8.48456e-27
8.47528e-27
8.46601e-27
8.45676e-27
8.44752e-27
8.43829e-27
8.42907e-27
8.41986e-27
8.41067e-27
8.40149e-27
8.39231e-27
8.38316e-27
8.37401e-27
8.36487e-27
8.35575e-27
8.34664e-27
8.33754e-27
8.32845e-27
8.31937e-27
8.31031e-27
8.30126e-27
8.29221e-27
8.28318e-27
8.27417e-27
8.26516e-27
8.25616e-27
8.24718e-27
8.23821e-27
8.22925e-27
8.22030e-27
8.21136e-27
8.20243e-27
8.19352e-27
8.18462e-27
8.17573e-27
8.16684e-27
8.15798e-27
8.14912e-27
8.14027e-27
8.13144e-27
8.12261e-27
8.11380e-27
8.10500e-27
8.09621e-27
8.08743e-27
8.07867e-27
8.06991e-27
8.06117e-27
8.05243e-27
8.04371e-27
8.03500e-27
8.02630e-27
8.01761e-27
8.00893e-27
8.00027e-27
7.99161e-27
7.98297e-27
7.97433e-27
7.96571e-27
7.95710e-27
7.94850e-27
7.93991e-27
7.93133e-27
7.92276e-27
7.91421e-27
7.90566e-27
7.89713e-27
7.88860e-27
7.88009e-27
7.87159e-27
7.86309e-27
7.85461e-27
7.84614e-27
7.83769e-27
7.82924e-27
7.82080e-27
7.81237e-27
7.80396e-27
7.79555e-27
7.78716e-27
7.77877e-27
7.77040e-27
7.76204e-27
7.75369e-27
7.74534e-27
7.73701e-27
7.72869e-27
7.72038e-27
7.71208e-27
7.70380e-27
7.69552e-27
7.68725e-27
7.67899e-27
7.67075e-27
7.66251e-27
7.65428e-27
7.64607e-27
7.63786e-27
7.62967e-27
7.62149e-27
7.61331e-27
7.60515e-27
7.59699e-27
7.58885e-27
7.58072e-27
7.57260e-27
7.56449e-27
7.55638e-27
7.54829e-27
7.54021e-27
7.53214e-27
7.52408e-27
7.51603e-27
7.50799e-27
7.49996e-27
7.49194e-27
7.48393e-27
7.47593e-27
7.46794e-27
7.45996e-27
7.45199e-27
7.44403e-27
7.43608e-27
7.42814e-27
7.42021e-27
7.41229e-27
7.40438e-27
7.39648e-27
7.38859e-27
7.38071e-27
7.37284e-27
7.36498e-27
7.35713e-27
7.34929e-27
7.34146e-27
7.33364e-27
7.32583e-27
7.31803e-27
7.31024e-27
7.30246e-27
7.29468e-27
7.28692e-27
7.27917e-27
7.27143e-27
7.26370e-27
7.25597e-27
7.24826e-27
7.24056e-27
7.23286e-27
7.22518e-27
7.21750e-27
7.20984e-27
7.20218e-27
7.19454e-27
7.18690e-27
7.17927e-27
7.17166e-27
7.16405e-27
7.15645e-27
7.14886e-27
7.14128e-27
7.13371e-27
7.12615e-27
7.11860e-27
7.11106e-27
7.10353e-27
7.09601e-27
7.08849e-27
7.08099e-27
7.07349e-27
7.06601e-27
7.05853e-27
7.05107e-27
7.04361e-27
7.03616e-27
7.02872e-27
7.02129e-27
7.01387e-27
7.00646e-27
6.99906e-27
6.99167e-27
6.98429e-27
6.97691e-27
6.96955e-27
6.96219e-27
6.95485e-27
6.94751e-27
6.94018e-27
6.93286e-27
6.92555e-27
6.91825e-27
6.91096e-27
6.90368e-27
6.89640e-27
6.88914e-27
6.88188e-27
6.87463e-27
6.86740e-27
6.86017e-27
6.85295e-27
6.84574e-27
6.83854e-27
6.83134e-27
6.82416e-27
6.81698e-27
6.80982e-27
6.80266e-27
6.79551e-27
6.78837e-27
6.78124e-27
6.77412e-27
6.76701e-27
6.75990e-27
6.75280e-27
6.74572e-27
6.73864e-27
6.73157e-27
6.72451e-27
6.71746e-27
6.71041e-27
6.70338e-27
6.69635e-27
6.68934e-27
6.68233e-27
6.67533e-27
6.66834e-27
6.66135e-27
6.65438e-27
6.64742e-27
6.64046e-27
6.63351e-27
6.62657e-27
6.61964e-27
6.61272e-27
6.60580e-27
6.59890e-27
6.59200e-27
6.58511e-27
6.57823e-27
6.57136e-27
6.56450e-27
6.55764e-27
6.55080e-27
6.54396e-27
6.53713e-27
6.53031e-27
6.52349e-27
6.51669e-27
6.50989e-27
6.50311e-27
6.49633e-27
6.48955e-27
6.48279e-27
6.47604e-27
6.46929e-27
6.46255e-27
6.45582e-27
6.44910e-27
6.44239e-27
6.43568e-27
6.42899e-27
6.42230e-27
6.41562e-27
6.40895e-27
6.40228e-27
6.39563e-27
6.38898e-27
6.38234e-27
6.37571e-27
6.36908e-27
6.36247e-27
6.35586e-27
6.34926e-27
6.34267e-27
6.33609e-27
6.32951e-27
6.32294e-27
6.31639e-27
6.30983e-27
6.30329e-27
6.29676e-27
6.29023e-27
6.28371e-27
6.27720e-27
6.27069e-27
6.26420e-27
6.25771e-27
6.25123e-27
6.24476e-27
6.23830e-27
6.23184e-27
6.22539e-27
6.21895e-27
6.21252e-27
6.20610e-27
6.19968e-27
6.19327e-27
6.18687e-27
6.18048e-27
6.17409e-27
6.16771e-27
6.16134e-27
6.15498e-27
6.14862e-27
6.14228e-27
6.13594e-27
6.12961e-27
6.12328e-27
6.11697e-27
6.11066e-27
6.10436e-27
6.09806e-27
6.09178e-27
6.08550e-27
6.07923e-27
6.07297e-27
6.06671e-27
6.06046e-27
6.05422e-27
6.04799e-27
6.04177e-27
6.03555e-27
6.02934e-27
6.02314e-27
6.01694e-27
6.01076e-27
6.00458e-27
5.99840e-27
5.99224e-27
5.98608e-27
5.97993e-27
5.97379e-27
5.96765e-27
5.96152e-27
5.95540e-27
5.94929e-27
5.94319e-27
5.93709e-27
5.93100e-27
5.92491e-27
5.91884e-27
5.91277e-27
5.90671e-27
5.90065e-27
5.89461e-27
5.88857e-27
5.88253e-27
5.87651e-27
5.87049e-27
5.86448e-27
5.85848e-27
5.85248e-27
5.84649e-27
5.84051e-27
5.83453e-27
5.82857e-27
5.82261e-27
5.81665e-27
5.81071e-27
5.80477e-27
5.79884e-27
5.79291e-27
5.78700e-27
5.78109e-27
5.77518e-27
5.76929e-27
5.76340e-27
5.75752e-27
5.75164e-27
5.74577e-27
5.73991e-27
5.73406e-27
5.72821e-27
5.72237e-27
5.71654e-27
5.71072e-27
5.70490e-27
5.69909e-27
5.69328e-27
5.68748e-27
5.68169e-27
5.67591e-27
5.67013e-27
5.66436e-27
5.65860e-27
5.65284e-27
5.64709e-27
5.64135e-27
5.63562e-27
5.62989e-27
5.62416e-27
5.61845e-27
5.61274e-27
5.60704e-27
5.60135e-27
5.59566e-27
5.58998e-27
5.58430e-27
5.57864e-27
5.57297e-27
5.56732e-27
5.56167e-27
5.55603e-27
5.55040e-27
5.54477e-27
5.53915e-27
5.53354e-27
5.52793e-27
5.52233e-27
5.51674e-27
5.51115e-27
5.50557e-27
5.50000e-27
5.49443e-27
5.48887e-27
5.48332e-27
5.47777e-27
5.47223e-27
5.46670e-27
5.46117e-27
5.45565e-27
5.45014e-27
5.44463e-27
5.43913e-27
5.43363e-27
5.42814e-27
5.42266e-27
5.41719e-27
5.41172e-27
5.40626e-27
5.40080e-27
5.39535e-27
5.38991e-27
5.38448e-27
5.37905e-27
5.37362e-27
5.36821e-27
5.36280e-27
5.35739e-27
5.35200e-27
5.34660e-27
5.34122e-27
5.33584e-27
5.33047e-27
5.32510e-27
5.31975e-27
5.31439e-27
5.30905e-27
5.30371e-27
5.29837e-27
5.29305e-27
5.28772e-27
5.28241e-27
5.27710e-27
5.27180e-27
5.26650e-27
5.26121e-27
5.25593e-27
5.25065e-27
5.24538e-27
5.24012e-27
5.23486e-27
5.22961e-27
5.22436e-27
5.21912e-27
5.21389e-27
5.20866e-27
5.20344e-27
5.19822e-27
5.19301e-27
5.18781e-27
5.18261e-27
5.17742e-27
5.17224e-27
5.16706e-27
5.16189e-27
5.15672e-27
5.15156e-27
5.14641e-27
5.14126e-27
5.13612e-27
5.13098e-27
5.12585e-27
5.12073e-27
5.11561e-27
5.11050e-27
5.10539e-27
5.10029e-27
5.09520e-27
5.09011e-27
5.08503e-27
5.07995e-27
5.07488e-27
5.06982e-27
5.06476e-27
5.05971e-27
5.05466e-27
5.04962e-27
5.04459e-27
5.03956e-27
5.03454e-27
5.02952e-27
5.02451e-27
5.01950e-27
5.01451e-27
5.00951e-27
5.00452e-27
4.99954e-27
4.99457e-27
4.98960e-27
4.98463e-27
4.97968e-27
4.97472e-27
4.96978e-27
4.96484e-27
4.95990e-27
4.95497e-27
4.95005e-27
4.94513e-27
4.94022e-27
4.93531e-27
4.93041e-27
4.92552e-27
4.92063e-27
4.91575e-27
4.91087e-27
4.90600e-27
4.90113e-27
4.89627e-27
4.89142e-27
4.88657e-27
4.88172e-27
4.87689e-27
4.87205e-27
4.86723e-27
4.86241e-27
4.85759e-27
4.85278e-27
4.84798e-27
4.84318e-27
4.83839e-27
4.83360e-27
4.82882e-27
4.82404e-27
4.81927e-27
4.81451e-27
4.80975e-27
4.80499e-27
4.80024e-27
4.79550e-27
4.79076e-27
4.78603e-27
4.78131e-27
4.77658e-27
4.77187e-27
4.76716e-27
4.76245e-27
4.75776e-27
4.75306e-27
4.74837e-27
4.74369e-27
4.73901e-27
4.73434e-27
4.72968e-27
4.72502e-27
4.72036e-27
4.71571e-27
4.71107e-27
4.70643e-27
4.70179e-27
4.69716e-27
4.69254e-27
4.68792e-27
4.68331e-27
4.67870e-27
4.67410e-27
4.66950e-27
4.66491e-27
4.66033e-27
4.65575e-27
4.65117e-27
4.64660e-27
4.64204e-27
4.63748e-27
4.63292e-27
4.62838e-27
4.62383e-27
4.61929e-27
4.61476e-27
4.61023e-27
4.60571e-27
4.60119e-27
4.59668e-27
4.59217e-27
4.58767e-27
4.58318e-27
4.57868e-27
4.57420e-27
4.56972e-27
4.56524e-27
4.56077e-27
4.55630e-27
4.55184e-27
4.54739e-27
4.54294e-27
4.53849e-27
4.53405e-27
4.52962e-27
4.52519e-27
4.52077e-27
4.51635e-27
4.51193e-27
4.50752e-27
4.50312e-27
4.49872e-27
4.49433e-27
4.48994e-27
4.48555e-27
4.48117e-27
4.47680e-27
4.47243e-27
4.46807e-27
4.46371e-27
4.45935e-27
4.45501e-27
4.45066e-27
4.44632e-27
4.44199e-27
4.43766e-27
4.43334e-27
4.42902e-27
4.42470e-27
4.42039e-27
4.41609e-27
4.41179e-27
4.40750e-27
4.40321e-27
4.39892e-27
4.39464e-27
4.39037e-27
4.38610e-27
4.38183e-27
4.37757e-27
4.37332e-27
4.36907e-27
4.36482e-27
4.36058e-27
4.35635e-27
4.35212e-27
4.34789e-27
4.34367e-27
4.33945e-27
4.33524e-27
4.33104e-27
4.32683e-27
4.32264e-27
4.31845e-27
4.31426e-27
4.31008e-27
4.30590e-27
4.30172e-27
4.29756e-27
4.29339e-27
4.28923e-27
4.28508e-27
4.28093e-27
4.27679e-27
4.27265e-27
4.26851e-27
4.26438e-27
4.26025e-27
4.25613e-27
4.25202e-27
4.24791e-27
4.24380e-27
4.23970e-27
4.23560e-27
4.23151e-27
4.22742e-27
4.22333e-27
4.21925e-27
4.21518e-27
4.21111e-27
4.20704e-27
4.20298e-27
4.19893e-27
4.19488e-27
4.19083e-27
4.18679e-27
4.18275e-27
4.17872e-27
4.17469e-27
4.17067e-27
4.16665e-27
4.16263e-27
4.15862e-27
4.15462e-27
4.15062e-27
4.14662e-27
4.14263e-27
4.13864e-27
4.13466e-27
4.13068e-27
4.12671e-27
4.12274e-27
4.11877e-27
4.11481e-27
4.11085e-27
4.10690e-27
4.10296e-27
4.09901e-27
4.09508e-27
4.09114e-27
4.08721e-27
4.08329e-27
4.07937e-27
4.07545e-27
4.07154e-27
4.06763e-27
4.06373e-27
4.05983e-27
4.05594e-27
4.05205e-27
4.04817e-27
4.04429e-27
4.04041e-27
4.03654e-27
4.03267e-27
4.02881e-27
4.02495e-27
4.02109e-27
4.01724e-27
4.01340e-27
4.00956e-27
4.00572e-27
4.00189e-27
3.99806e-27
3.99424e-27
3.99042e-27
3.98660e-27
3.98279e-27
3.97898e-27
3.97518e-27
3.97138e-27
3.96759e-27
3.96380e-27
3.96001e-27
3.95623e-27
3.95246e-27
3.94868e-27
3.94491e-27
3.94115e-27
3.93739e-27
3.93363e-27
3.92988e-27
3.92614e-27
3.92239e-27
3.91865e-27
3.91492e-27
3.91119e-27
3.90746e-27
3.90374e-27
3.90002e-27
3.89631e-27
3.89260e-27
3.88889e-27
3.88519e-27
3.88149e-27
3.87780e-27
3.87411e-27
3.87043e-27
3.86675e-27
3.86307e-27
3.85940e-27
3.85573e-27
3.85207e-27
3.84841e-27
3.84475e-27
3.84110e-27
3.83745e-27
3.83381e-27
3.83017e-27
3.82653e-27
3.82290e-27
3.81927e-27
3.81565e-27
3.81203e-27
3.80841e-27
3.80480e-27
3.80120e-27
3.79759e-27
3.79399e-27
3.79040e-27
3.78681e-27
3.78322e-27
3.77964e-27
3.77606e-27
3.77248e-27
3.76891e-27
3.76534e-27
3.76178e-27
3.75822e-27
3.75467e-27
3.75112e-27
3.74757e-27
3.74402e-27
3.74049e-27
3.73695e-27
3.73342e-27
3.72989e-27
3.72637e-27
3.72285e-27
3.71933e-27
3.71582e-27
3.71231e-27
3.70881e-27
3.70531e-27
3.70181e-27
3.69832e-27
3.69483e-27
3.69134e-27
3.68786e-27
3.68439e-27
3.68091e-27
3.67744e-27
3.67398e-27
3.67052e-27
3.66706e-27
3.66361e-27
3.66016e-27
3.65671e-27
3.65327e-27
3.64983e-27
3.64639e-27
3.64296e-27
3.63953e-27
3.63611e-27
3.63269e-27
3.62928e-27
3.62586e-27
3.62246e-27
3.61905e-27
3.61565e-27
3.61225e-27
3.60886e-27
3.60547e-27
3.60209e-27
3.59870e-27
3.59532e-27
3.59195e-27
3.58858e-27
3.58521e-27
3.58185e-27
3.57849e-27
3.57513e-27
3.57178e-27
3.56843e-27
3.56509e-27
3.56175e-27
3.55841e-27
3.55508e-27
3.55175e-27
3.54842e-27
3.54510e-27
3.54178e-27
3.53846e-27
3.53515e-27
3.53184e-27
3.52854e-27
3.52524e-27
3.52194e-27
3.51865e-27
3.51536e-27
3.51207e-27
3.50879e-27
3.50551e-27
3.50223e-27
3.49896e-27
3.49569e-27
3.49243e-27
3.48917e-27
3.48591e-27
3.48266e-27
3.47941e-27
3.47616e-27
3.47292e-27
3.46968e-27
3.46644e-27
3.46321e-27
3.45998e-27
3.45675e-27
3.45353e-27
3.45031e-27
3.44710e-27
3.44389e-27
3.44068e-27
3.43748e-27
3.43428e-27
3.43108e-27
3.42788e-27
3.42469e-27
3.42151e-27
3.41832e-27
3.41514e-27
3.41197e-27
3.40880e-27
3.40563e-27
3.40246e-27
3.39930e-27
3.39614e-27
3.39298e-27
3.38983e-27
3.38668e-27
3.38354e-27
3.38040e-27
3.37726e-27
3.37412e-27
3.37099e-27
3.36786e-27
3.36474e-27
3.36162e-27
3.35850e-27
3.35539e-27
3.35228e-27
3.34917e-27
3.34606e-27
3.34296e-27
3.33987e-27
3.33677e-27
3.33368e-27
3.33059e-27
3.32751e-27
3.32443e-27
3.32135e-27
3.31828e-27
3.31521e-27
3.31214e-27
3.30908e-27
3.30602e-27
3.30296e-27
3.29991e-27
3.29686e-27
3.29381e-27
3.29077e-27
3.28773e-27
3.28469e-27
3.28165e-27
3.27862e-27
3.27560e-27
3.27257e-27
3.26955e-27
3.26653e-27
3.26352e-27
3.26051e-27
3.25750e-27
3.25450e-27
3.25150e-27
3.24850e-27
3.24550e-27
3.24251e-27
3.23952e-27
3.23654e-27
3.23356e-27
3.23058e-27
3.22760e-27
3.22463e-27
3.22166e-27
3.21870e-27
3.21574e-27
3.21278e-27
3.20982e-27
3.20687e-27
3.20392e-27
3.20097e-27
3.19803e-27
3.19509e-27
3.19215e-27
3.18922e-27
3.18629e-27
3.18336e-27
3.18044e-27
3.17752e-27
3.17460e-27
3.17169e-27
3.16877e-27
3.16587e-27
3.16296e-27
3.16006e-27
3.15716e-27
3.15426e-27
3.15137e-27
3.14848e-27
3.14560e-27
3.14271e-27
3.13983e-27
3.13696e-27
3.13408e-27
3.13121e-27
3.12834e-27
3.12548e-27
3.12262e-27
3.11976e-27
3.11690e-27
3.11405e-27
3.11120e-27
3.10836e-27
3.10551e-27
3.10267e-27
3.09984e-27
3.09700e-27
3.09417e-27
3.09134e-27
3.08852e-27
3.08570e-27
3.08288e-27
3.08006e-27
3.07725e-27
3.07444e-27
3.07163e-27
3.06883e-27
3.06603e-27
3.06323e-27
3.06044e-27
3.05765e-27
3.05486e-27
3.05207e-27
3.04929e-27
3.04651e-27
3.04373e-27
3.04096e-27
3.03819e-27
3.03542e-27
3.03266e-27
3.02990e-27
3.02714e-27
3.02438e-27
3.02163e-27
3.01888e-27
3.01613e-27
3.01339e-27
3.01065e-27
3.00791e-27
3.00517e-27
3.00244e-27
2.99971e-27
2.99698e-27
2.99426e-27
2.99154e-27
2.98882e-27
2.98611e-27
2.98340e-27
2.98069e-27
2.97798e-27
2.97528e-27
2.97258e-27
2.96988e-27
2.96718e-27
2.96449e-27
2.96180e-27
2.95912e-27
2.95643e-27
2.95375e-27
2.95108e-27
2.94840e-27
2.94573e-27
2.94306e-27
2.94040e-27
2.93773e-27
2.93507e-27
2.93241e-27
2.92976e-27
2.92711e-27
2.92446e-27
2.92181e-27
2.91917e-27
2.91653e-27
2.91389e-27
2.91126e-27
2.90862e-27
2.90599e-27
2.90337e-27
2.90074e-27
2.89812e-27
2.89551e-27
2.89289e-27
2.89028e-27
2.88767e-27
2.88506e-27
2.88246e-27
2.87985e-27
2.87726e-27
2.87466e-27
2.87207e-27
2.86948e-27
2.86689e-27
2.86430e-27
2.86172e-27
2.85914e-27
2.85656e-27
2.85399e-27
2.85142e-27
2.84885e-27
2.84628e-27
2.84372e-27
2.84116e-27
2.83860e-27
2.83605e-27
2.83350e-27
2.83095e-27
2.82840e-27
2.82585e-27
2.82331e-27
2.82077e-27
2.81824e-27
2.81570e-27
2.81317e-27
2.81065e-27
2.80812e-27
2.80560e-27
2.80308e-27
2.80056e-27
2.79804e-27
2.79553e-27
2.79302e-27
2.79052e-27
2.78801e-27
2.78551e-27
2.78301e-27
2.78051e-27
2.77802e-27
2.77553e-27
2.77304e-27
2.77056e-27
2.76807e-27
2.76559e-27
2.76311e-27
2.76064e-27
2.75817e-27
2.75570e-27
2.75323e-27
2.75076e-27
2.74830e-27
2.74584e-27
2.74338e-27
2.74093e-27
2.73848e-27
2.73603e-27
2.73358e-27
2.73114e-27
2.72870e-27
2.72626e-27
2.72382e-27
2.72139e-27
2.71895e-27
2.71653e-27
2.71410e-27
2.71167e-27
2.70925e-27
2.70683e-27
2.70442e-27
2.70200e-27
2.69959e-27
2.69719e-27
2.69478e-27
2.69238e-27
2.68997e-27
2.68758e-27
2.68518e-27
2.68279e-27
2.68040e-27
2.67801e-27
2.67562e-27
2.67324e-27
2.67086e-27
2.66848e-27
2.66610e-27
2.66373e-27
2.66136e-27
2.65899e-27
2.65662e-27
2.65426e-27
2.65190e-27
2.64954e-27
2.64718e-27
2.64483e-27
2.64248e-27
2.64013e-27
2.63778e-27
2.63544e-27
2.63310e-27
2.63076e-27
2.62842e-27
2.62609e-27
2.62376e-27
2.62143e-27
2.61910e-27
2.61678e-27
2.61445e-27
2.61213e-27
2.60982e-27
2.60750e-27
2.60519e-27
2.60288e-27
2.60057e-27
2.59827e-27
2.59596e-27
2.59366e-27
2.59137e-27
2.58907e-27
2.58678e-27
2.58449e-27
2.58220e-27
2.57991e-27
2.57763e-27
2.57535e-27
2.57307e-27
2.57079e-27
2.56852e-27
2.56625e-27
2.56398e-27
2.56171e-27
2.55945e-27
2.55718e-27
2.55492e-27
2.55266e-27
2.55041e-27
2.54816e-27
2.54591e-27
2.54366e-27
2.54141e-27
2.53917e-27
2.53693e-27
2.53469e-27
2.53245e-27
2.53022e-27
2.52798e-27
2.52575e-27
2.52353e-27
2.52130e-27
2.51908e-27
2.51686e-27
2.51464e-27
2.51242e-27
2.51021e-27
2.50800e-27
2.50579e-27
2.50358e-27
2.50138e-27
2.49918e-27
2.49698e-27
2.49478e-27
2.49258e-27
2.49039e-27
2.48820e-27
2.48601e-27
2.48383e-27
2.48164e-27
2.47946e-27
2.47728e-27
2.47510e-27
2.47293e-27
2.47075e-27
2.46858e-27
2.46642e-27
2.46425e-27
2.46209e-27
2.45992e-27
2.45776e-27
2.45561e-27
2.45345e-27
2.45130e-27
2.44915e-27
2.44700e-27
2.44485e-27
2.44271e-27
2.44057e-27
2.43843e-27
2.43629e-27
2.43416e-27
2.43202e-27
2.42989e-27
2.42776e-27
2.42564e-27
2.42351e-27
2.42139e-27
2.41927e-27
2.41715e-27
2.41504e-27
2.41293e-27
2.41081e-27
2.40871e-27
2.40660e-27
2.40449e-27
2.40239e-27
2.40029e-27
2.39819e-27
2.39610e-27
2.39400e-27
2.39191e-27
2.38982e-27
2.38774e-27
2.38565e-27
2.38357e-27
2.38149e-27
2.37941e-27
2.37733e-27
2.37526e-27
2.37318e-27
2.37111e-27
2.36904e-27
2.36698e-27
2.36491e-27
2.36285e-27
2.36079e-27
2.35873e-27
2.35668e-27
2.35463e-27
2.35257e-27
2.35053e-27
2.34848e-27
2.34643e-27
2.34439e-27
2.34235e-27
2.34031e-27
2.33827e-27
2.33624e-27
2.33421e-27
2.33218e-27
2.33015e-27
2.32812e-27
2.32610e-27
2.32407e-27
2.32205e-27
2.32004e-27
2.31802e-27
2.31601e-27
2.31399e-27
2.31198e-27
2.30998e-27
2.30797e-27
2.30597e-27
2.30396e-27
2.30196e-27
2.29997e-27
2.29797e-27
2.29598e-27
2.29399e-27
2.29200e-27
2.29001e-27
2.28802e-27
2.28604e-27
2.28406e-27
2.28208e-27
2.28010e-27
2.27812e-27
2.27615e-27
2.27418e-27
2.27221e-27
2.27024e-27
2.26828e-27
2.26631e-27
2.26435e-27
2.26239e-27
2.26044e-27
2.25848e-27
2.25653e-27
2.25457e-27
2.25263e-27
2.25068e-27
2.24873e-27
2.24679e-27
2.24485e-27
2.24291e-27
2.24097e-27
2.23903e-27
2.23710e-27
2.23517e-27
2.23324e-27
2.23131e-27
2.22938e-27
2.22746e-27
2.22554e-27
2.22362e-27
2.22170e-27
2.21978e-27
2.21787e-27
2.21596e-27
2.21404e-27
2.21214e-27
2.21023e-27
2.20832e-27
2.20642e-27
2.20452e-27
2.20262e-27
2.20072e-27
2.19883e-27
2.19694e-27
2.19504e-27
2.19316e-27
2.19127e-27
2.18938e-27
2.18750e-27
2.18562e-27
2.18374e-27
2.18186e-27
2.17998e-27
2.17811e-27
2.17624e-27
2.17437e-27
2.17250e-27
2.17063e-27
2.16876e-27
2.16690e-27
2.16504e-27
2.16318e-27
2.16132e-27
2.15947e-27
2.15761e-27
2.15576e-27
2.15391e-27
2.15206e-27
2.15022e-27
2.14837e-27
2.14653e-27
2.14469e-27
2.14285e-27
2.14102e-27
2.13918e-27
2.13735e-27
2.13552e-27
2.13369e-27
2.13186e-27
2.13003e-27
2.12821e-27
2.12639e-27
2.12457e-27
2.12275e-27
2.12093e-27
2.11911e-27
2.11730e-27
2.11549e-27
2.11368e-27
2.11187e-27
2.11007e-27
2.10826e-27
2.10646e-27
2.10466e-27
2.10286e-27
2.10106e-27
2.09927e-27
2.09748e-27
2.09568e-27
2.09389e-27
2.09211e-27
2.09032e-27
2.08854e-27
2.08675e-27
2.08497e-27
2.08319e-27
2.08142e-27
2.07964e-27
2.07787e-27
2.07609e-27
2.07432e-27
2.07256e-27
2.07079e-27
2.06902e-27
2.06726e-27
2.06550e-27
2.06374e-27
2.06198e-27
2.06023e-27
2.05847e-27
2.05672e-27
2.05497e-27
2.05322e-27
2.05147e-27
2.04973e-27
2.04798e-27
2.04624e-27
2.04450e-27
2.04276e-27
2.04102e-27
2.03929e-27
2.03755e-27
2.03582e-27
2.03409e-27
2.03236e-27
2.03064e-27
2.02891e-27
2.02719e-27
2.02547e-27
2.02375e-27
2.02203e-27
2.02031e-27
2.01860e-27
2.01688e-27
2.01517e-27
2.01346e-27
2.01176e-27
2.01005e-27
2.00834e-27
2.00664e-27
2.00494e-27
2.00324e-27
2.00154e-27
1.99985e-27
1.99815e-27
1.99646e-27
1.99477e-27
1.99308e-27
1.99139e-27
1.98970e-27
1.98802e-27
1.98634e-27
1.98466e-27
1.98298e-27
1.98130e-27
1.97962e-27
1.97795e-27
1.97628e-27
1.97460e-27
1.97293e-27
1.97127e-27
1.96960e-27
1.96794e-27
1.96627e-27
1.96461e-27
1.96295e-27
1.96129e-27
1.95964e-27
1.95798e-27
1.95633e-27
1.95468e-27
1.95303e-27
1.95138e-27
1.94973e-27
1.94809e-27
1.94644e-27
1.94480e-27
1.94316e-27
1.94152e-27
1.93989e-27
1.93825e-27
1.93662e-27
1.93499e-27
1.93335e-27
1.93173e-27
1.93010e-27
1.92847e-27
1.92685e-27
1.92523e-27
1.92361e-27
1.92199e-27
1.92037e-27
1.91875e-27
1.91714e-27
1.91552e-27
1.91391e-27
1.91230e-27
1.91069e-27
1.90909e-27
1.90748e-27
1.90588e-27
1.90428e-27
1.90268e-27
1.90108e-27
1.89948e-27
1.89788e-27
1.89629e-27
1.89470e-27
1.89311e-27
1.89152e-27
1.88993e-27
1.88834e-27
1.88676e-27
1.88518e-27
1.88359e-27
1.88201e-27
1.88043e-27
1.87886e-27
1.87728e-27
1.87571e-27
1.87414e-27
1.87256e-27
1.87100e-27
1.86943e-27
1.86786e-27
1.86630e-27
1.86473e-27
1.86317e-27
1.86161e-27
1.86005e-27
1.85850e-27
1.85694e-27
1.85539e-27
1.85383e-27
1.85228e-27
1.85073e-27
1.84918e-27
1.84764e-27
1.84609e-27
1.84455e-27
1.84301e-27
1.84147e-27
1.83993e-27
1.83839e-27
1.83685e-27
1.83532e-27
1.83379e-27
1.83225e-27
1.83072e-27
1.82920e-27
1.82767e-27
1.82614e-27
1.82462e-27
1.82310e-27
1.82157e-27
1.82005e-27
1.81854e-27
1.81702e-27
1.81550e-27
1.81399e-27
1.81248e-27
1.81097e-27
1.80946e-27
1.80795e-27
1.80644e-27
1.80494e-27
1.80343e-27
1.80193e-27
1.80043e-27
1.79893e-27
1.79743e-27
1.79594e-27
1.79444e-27
1.79295e-27
1.79146e-27
1.78997e-27
1.78848e-27
1.78699e-27
1.78550e-27
1.78402e-27
1.78254e-27
1.78105e-27
1.77957e-27
1.77809e-27
1.77662e-27
1.77514e-27
1.77367e-27
1.77219e-27
1.77072e-27
1.76925e-27
1.76778e-27
1.76631e-27
1.76485e-27
1.76338e-27
1.76192e-27
1.76046e-27
1.75900e-27
1.75754e-27
1.75608e-27
1.75462e-27
1.75317e-27
1.75171e-27
1.75026e-27
1.74881e-27
1.74736e-27
1.74591e-27
1.74447e-27
1.74302e-27
1.74158e-27
1.74014e-27
1.73869e-27
1.73725e-27
1.73582e-27
1.73438e-27
1.73294e-27
1.73151e-27
1.73008e-27
1.72865e-27
1.72722e-27
1.72579e-27
1.72436e-27
1.72293e-27
1.72151e-27
1.72009e-27
1.71866e-27
1.71724e-27
1.71582e-27
1.71441e-27
1.71299e-27
1.71158e-27
1.71016e-27
1.70875e-27
1.70734e-27
1.70593e-27
1.70452e-27
1.70311e-27
1.70171e-27
1.70030e-27
1.69890e-27
1.69750e-27
1.69610e-27
1.69470e-27
1.69330e-27
1.69191e-27
1.69051e-27
1.68912e-27
1.68773e-27
1.68634e-27
1.68495e-27
1.68356e-27
1.68217e-27
1.68079e-27
1.67940e-27
1.67802e-27
1.67664e-27
1.67526e-27
1.67388e-27
1.67250e-27
1.67113e-27
1.66975e-27
1.66838e-27
1.66700e-27
1.66563e-27
1.66426e-27
1.66290e-27
1.66153e-27
1.66016e-27
1.65880e-27
1.65743e-27
1.65607e-27
1.65471e-27
1.65335e-27
1.65199e-27
1.65064e-27
1.64928e-27
1.64793e-27
1.64658e-27
1.64522e-27
1.64387e-27
1.64252e-27
1.64118e-27
1.63983e-27
1.63849e-27
1.63714e-27
1.63580e-27
1.63446e-27
1.63312e-27
1.63178e-27
1.63044e-27
1.62910e-27
1.62777e-27
1.62644e-27
1.62510e-27
1.62377e-27
1.62244e-27
1.62111e-27
1.61979e-27
1.61846e-27
1.61714e-27
1.61581e-27
1.61449e-27
1.61317e-27
1.61185e-27
1.61053e-27
1.60921e-27
1.60790e-27
1.60658e-27
1.60527e-27
1.60396e-27
1.60264e-27
1.60133e-27
1.60003e-27
1.59872e-27
1.59741e-27
1.59611e-27
1.59480e-27
1.59350e-27
1.59220e-27
1.59090e-27
1.58960e-27
1.58830e-27
1.58701e-27
1.58571e-27
1.58442e-27
1.58312e-27
1.58183e-27
1.58054e-27
1.57925e-27
1.57797e-27
1.57668e-27
1.57539e-27
1.57411e-27
1.57283e-27
1.57154e-27
1.57026e-27
1.56899e-27
1.56771e-27
1.56643e-27
1.56515e-27
1.56388e-27
1.56261e-27
1.56133e-27
1.56006e-27
1.55879e-27
1.55752e-27
1.55626e-27
1.55499e-27
1.55373e-27
1.55246e-27
1.55120e-27
1.54994e-27
1.54868e-27
1.54742e-27
1.54616e-27
1.54490e-27
1.54365e-27
1.54239e-27
1.54114e-27
1.53989e-27
1.53864e-27
1.53739e-27
1.53614e-27
1.53489e-27
1.53365e-27
1.53240e-27
1.53116e-27
1.52992e-27
1.52867e-27
1.52743e-27
1.52619e-27
1.52496e-27
1.52372e-27
1.52248e-27
1.52125e-27
1.52002e-27
1.51878e-27
1.51755e-27
1.51632e-27
1.51509e-27
1.51387e-27
1.51264e-27
1.51141e-27
1.51019e-27
1.50897e-27
1.50775e-27
1.50652e-27
1.50530e-27
1.50409e-27
1.50287e-27
1.50165e-27
1.50044e-27
1.49922e-27
1.49801e-27
1.49680e-27
1.49559e-27
1.49438e-27
1.49317e-27
1.49196e-27
1.49076e-27
1.48955e-27
1.48835e-27
1.48715e-27
1.48594e-27
1.48474e-27
1.48354e-27
1.48235e-27
1.48115e-27
1.47995e-27
1.47876e-27
1.47756e-27
1.47637e-27
1.47518e-27
1.47399e-27
1.47280e-27
1.47161e-27
1.47043e-27
1.46924e-27
1.46805e-27
1.46687e-27
1.46569e-27
1.46451e-27
1.46333e-27
1.46215e-27
1.46097e-27
1.45979e-27
1.45861e-27
1.45744e-27
1.45627e-27
1.45509e-27
1.45392e-27
1.45275e-27
1.45158e-27
1.45041e-27
1.44924e-27
1.44808e-27
1.44691e-27
1.44575e-27
1.44458e-27
1.44342e-27
1.44226e-27
1.44110e-27
1.43994e-27
1.43879e-27
1.43763e-27
1.43647e-27
1.43532e-27
1.43416e-27
1.43301e-27
1.43186e-27
1.43071e-27
1.42956e-27
1.42841e-27
1.42727e-27
1.42612e-27
1.42497e-27
1.42383e-27
1.42269e-27
1.42155e-27
1.42040e-27
1.41927e-27
1.41813e-27
1.41699e-27
1.41585e-27
1.41472e-27
1.41358e-27
1.41245e-27
1.41132e-27
1.41018e-27
1.40905e-27
1.40792e-27
1.40680e-27
1.40567e-27
1.40454e-27
1.40342e-27
1.40229e-27
1.40117e-27
1.40005e-27
1.39893e-27
1.39781e-27
1.39669e-27
1.39557e-27
1.39445e-27
1.39334e-27
1.39222e-27
1.39111e-27
1.39000e-27
1.38888e-27
1.38777e-27
1.38666e-27
1.38555e-27
1.38445e-27
1.38334e-27
1.38223e-27
1.38113e-27
1.38003e-27
1.37892e-27
1.37782e-27
1.37672e-27
1.37562e-27
1.37452e-27
1.37343e-27
1.37233e-27
1.37123e-27
1.37014e-27
1.36904e-27
1.36795e-27
1.36686e-27
1.36577e-27
1.36468e-27
1.36359e-27
1.36250e-27
1.36142e-27
1.36033e-27
1.35925e-27
1.35816e-27
1.35708e-27
1.35600e-27
1.35492e-27
1.35384e-27
1.35276e-27
1.35168e-27
1.35060e-27
1.34953e-27
1.34845e-27
1.34738e-27
1.34631e-27
1.34524e-27
1.34416e-27
1.34309e-27
1.34203e-27
1.34096e-27
1.33989e-27
1.33882e-27
1.33776e-27
1.33670e-27
1.33563e-27
1.33457e-27
1.33351e-27
1.33245e-27
1.33139e-27
1.33033e-27
1.32927e-27
1.32822e-27
1.32716e-27
1.32611e-27
1.32505e-27
1.32400e-27
1.32295e-27
1.32190e-27
1.32085e-27
1.31980e-27
1.31875e-27
1.31771e-27
1.31666e-27
1.31561e-27
1.31457e-27
1.31353e-27
1.31249e-27
1.31144e-27
1.31040e-27
1.30936e-27
1.30833e-27
1.30729e-27
1.30625e-27
1.30522e-27
1.30418e-27
1.30315e-27
1.30212e-27
1.30108e-27
1.30005e-27
1.29902e-27
1.29799e-27
1.29697e-27
1.29594e-27
1.29491e-27
1.29389e-27
1.29286e-27
1.29184e-27
1.29082e-27
1.28980e-27
1.28877e-27
1.28775e-27
1.28674e-27
1.28572e-27
1.28470e-27
1.28368e-27
1.28267e-27
1.28166e-27
1.28064e-27
1.27963e-27
1.27862e-27
1.27761e-27
1.27660e-27
1.27559e-27
1.27458e-27
1.27357e-27
1.27257e-27
1.27156e-27
1.27056e-27
1.26956e-27
1.26855e-27
1.26755e-27
1.26655e-27
1.26555e-27
1.26455e-27
1.26355e-27
1.26256e-27
1.26156e-27
1.26057e-27
1.25957e-27
1.25858e-27
1.25758e-27
1.25659e-27
1.25560e-27
1.25461e-27
1.25362e-27
1.25264e-27
1.25165e-27
1.25066e-27
1.24968e-27
1.24869e-27
1.24771e-27
1.24672e-27
1.24574e-27
1.24476e-27
1.24378e-27
1.24280e-27
1.24182e-27
1.24085e-27
1.23987e-27
1.23889e-27
1.23792e-27
1.23694e-27
1.23597e-27
1.23500e-27
1.23403e-27
1.23306e-27
1.23209e-27
1.23112e-27
1.23015e-27
1.22918e-27
1.22822e-27
1.22725e-27
1.22629e-27
1.22532e-27
1.22436e-27
1.22340e-27
1.22244e-27
1.22148e-27
1.22052e-27
1.21956e-27
1.21860e-27
1.21764e-27
1.21669e-27
1.21573e-27
1.21478e-27
1.21382e-27
1.21287e-27
1.21192e-27
1.21097e-27
1.21002e-27
1.20907e-27
1.20812e-27
1.20717e-27
1.20623e-27
1.20528e-27
1.20434e-27
1.20339e-27
1.20245e-27
1.20151e-27
1.20056e-27
1.19962e-27
1.19868e-27
1.19774e-27
1.19681e-27
1.19587e-27
1.19493e-27
1.19400e-27
1.19306e-27
1.19213e-27
1.19119e-27
1.19026e-27
1.18933e-27
1.18840e-27
1.18747e-27
1.18654e-27
1.18561e-27
1.18468e-27
1.18376e-27
1.18283e-27
1.18191e-27
1.18098e-27
1.18006e-27
1.17913e-27
1.17821e-27
1.17729e-27
1.17637e-27
1.17545e-27
1.17453e-27
1.17362e-27
1.17270e-27
1.17178e-27
1.17087e-27
1.16995e-27
1.16904e-27
1.16813e-27
1.16721e-27
1.16630e-27
1.16539e-27
1.16448e-27
1.16357e-27
1.16267e-27
1.16176e-27
1.16085e-27
1.15995e-27
1.15904e-27
1.15814e-27
1.15723e-27
1.15633e-27
1.15543e-27
1.15453e-27
1.15363e-27
1.15273e-27
1.15183e-27
1.15093e-27
1.15004e-27
1.14914e-27
1.14824e-27
1.14735e-27
1.14646e-27
1.14556e-27
1.14467e-27
1.14378e-27
1.14289e-27
1.14200e-27
1.14111e-27
1.14022e-27
1.13933e-27
1.13845e-27
1.13756e-27
1.13667e-27
1.13579e-27
1.13491e-27
1.13402e-27
1.13314e-27
1.13226e-27
1.13138e-27
1.13050e-27
1.12962e-27
1.12874e-27
1.12786e-27
1.12699e-27
1.12611e-27
1.12524e-27
1.12436e-27
1.12349e-27
1.12262e-27
1.12174e-27
1.12087e-27
1.12000e-27
1.11913e-27
1.11826e-27
1.11739e-27
1.11653e-27
1.11566e-27
1.11479e-27
1.11393e-27
1.11306e-27
1.11220e-27
1.11134e-27
1.11047e-27
1.10961e-27
1.10875e-27
1.10789e-27
1.10703e-27
1.10617e-27
1.10532e-27
1.10446e-27
1.10360e-27
1.10275e-27
1.10189e-27
1.10104e-27
1.10018e-27
1.09933e-27
1.09848e-27
1.09763e-27
1.09678e-27
1.09593e-27
1.09508e-27
1.09423e-27
1.09338e-27
1.09254e-27
1.09169e-27
1.09085e-27
1.09000e-27
1.08916e-27
1.08831e-27
1.08747e-27
1.08663e-27
1.08579e-27
1.08495e-27
1.08411e-27
1.08327e-27
1.08243e-27
1.08160e-27
1.08076e-27
1.07992e-27
1.07909e-27
