# unnormalized QE noise calculated from the lensit 10-11 box structure and using lensed Cls as QE weights
# L          NL
   14 9.440255e+11
   20 3.769731e+12
   28 1.503749e+13
   31 2.346243e+13
   40 5.981674e+13
   42 7.560999e+13
   44 9.321715e+13
   51 1.568985e+14
   56 2.367429e+14
   58 2.669022e+14
   60 2.988118e+14
   63 3.679501e+14
   70 5.712152e+14
   72 6.170626e+14
   76 7.647284e+14
   80 9.275782e+14
   82 1.044563e+15
   85 1.168264e+15
   86 1.232539e+15
   89 1.435212e+15
   90 1.505961e+15
   95 1.805518e+15
   99 2.130826e+15
  100 2.216015e+15
  102 2.391180e+15
  103 2.481306e+15
  107 2.954623e+15
  110 3.257092e+15
  113 3.573783e+15
  114 3.682160e+15
  116 4.016836e+15
  120 4.483747e+15
  121 4.665415e+15
  126 5.489583e+15
  127 5.622222e+15
  128 5.755994e+15
  130 6.165854e+15
  133 6.732782e+15
  134 6.878363e+15
  139 7.935703e+15
  140 8.092206e+15
  141 8.410118e+15
  142 8.571408e+15
  144 9.062605e+15
  145 9.396733e+15
  148 9.909123e+15
  150 1.061091e+16
  152 1.115223e+16
  153 1.133509e+16
  155 1.208162e+16
  156 1.227147e+16
  158 1.284894e+16
  160 1.343842e+16
  161 1.383859e+16
  165 1.517533e+16
  170 1.696344e+16
  171 1.722910e+16
  172 1.767698e+16
  173 1.790212e+16
  175 1.881836e+16
  177 1.975449e+16
  179 2.047066e+16
  180 2.095405e+16
  181 2.144288e+16
  184 2.283204e+16
  186 2.370633e+16
  189 2.500770e+16
  190 2.566995e+16
  192 2.688228e+16
  196 2.909984e+16
  197 2.938285e+16
  198 2.995278e+16
  199 3.023929e+16
  200 3.110597e+16
  201 3.168961e+16
  203 3.257543e+16
  204 3.347152e+16
  206 3.468445e+16
  209 3.653921e+16
  210 3.748335e+16
  212 3.875914e+16
  213 3.908183e+16
  214 4.005477e+16
  215 4.103778e+16
  216 4.153410e+16
  220 4.416795e+16
  221 4.525299e+16
  224 4.716678e+16
  226 4.929690e+16
  227 4.965580e+16
  228 5.073865e+16
  229 5.110192e+16
  230 5.256833e+16
  232 5.405235e+16
  233 5.518011e+16
  234 5.593559e+16
  235 5.707856e+16
  237 5.862118e+16
  240 6.136114e+16
  241 6.198623e+16
  242 6.315630e+16
  243 6.456390e+16
  244 6.537960e+16
  247 6.825776e+16
  248 6.867171e+16
  250 7.161461e+16
  251 7.204304e+16
  252 7.332177e+16
  253 7.461568e+16
  255 7.673222e+16
  256 7.811706e+16
  258 8.033934e+16
  260 8.240458e+16
  261 8.349499e+16
  263 8.624389e+16
  264 8.764099e+16
  266 8.950862e+16
  267 9.092161e+16
  269 9.331021e+16
  270 9.523097e+16
  272 9.749846e+16
  273 9.913477e+16
  275 1.011131e+17
  278 1.056347e+17
  279 1.068995e+17
  280 1.086861e+17
  281 1.097156e+17
  282 1.112781e+17
  283 1.130503e+17
  285 1.152044e+17
  286 1.175951e+17
  287 1.181175e+17
  289 1.213495e+17
  290 1.240486e+17
  291 1.256956e+17
  292 1.262493e+17
  295 1.306800e+17
  296 1.323758e+17
  297 1.352109e+17
  298 1.357713e+17
  299 1.374812e+17
  300 1.401271e+17
  301 1.415004e+17
  303 1.447199e+17
  304 1.467730e+17
  305 1.485541e+17
  306 1.503386e+17
  309 1.563677e+17
  310 1.587904e+17
  311 1.598218e+17
  312 1.612578e+17
  313 1.637428e+17
  314 1.662239e+17
  317 1.706306e+17
  318 1.737980e+17
  319 1.763789e+17
  320 1.782785e+17
  321 1.795727e+17
  323 1.839875e+17
  326 1.899763e+17
  327 1.921191e+17
  328 1.954837e+17
  329 1.974830e+17
  330 1.995114e+17
  331 2.008913e+17
  332 2.029198e+17
  333 2.064065e+17
  334 2.084455e+17
  336 2.119454e+17
  337 2.140695e+17
  338 2.168649e+17
  340 2.228361e+17
  341 2.247375e+17
  342 2.281105e+17
  343 2.290473e+17
  345 2.338356e+17
  346 2.363662e+17
  347 2.401139e+17
  348 2.430582e+17
  350 2.473180e+17
  351 2.490429e+17
  352 2.520734e+17
  354 2.584490e+17
  355 2.610474e+17
  357 2.663475e+17
  358 2.702748e+17
  360 2.761298e+17
  361 2.777499e+17
  362 2.801228e+17
  363 2.829295e+17
  364 2.865886e+17
  365 2.905761e+17
  367 2.963027e+17
  368 2.985707e+17
  369 3.020856e+17
  371 3.062240e+17
  372 3.095474e+17
  373 3.121121e+17
  374 3.165421e+17
  375 3.197038e+17
  376 3.239347e+17
  377 3.264576e+17
  378 3.290977e+17
  380 3.359685e+17
  381 3.398371e+17
  382 3.438897e+17
  383 3.456167e+17
  385 3.529748e+17
  387 3.583215e+17
  389 3.661092e+17
  390 3.688348e+17
  391 3.724065e+17
  392 3.760997e+17
  393 3.811352e+17
  394 3.848238e+17
  395 3.881120e+17
  397 3.944321e+17
  398 3.974643e+17
  399 4.024471e+17
  400 4.058930e+17
  401 4.095361e+17
  403 4.173319e+17
  405 4.259534e+17
  406 4.282600e+17
  408 4.367110e+17
  409 4.401292e+17
  411 4.489223e+17
  412 4.532319e+17
  413 4.574720e+17
  414 4.604171e+17
  415 4.645289e+17
  417 4.728993e+17
  418 4.801667e+17
  419 4.848196e+17
  420 4.888509e+17
  421 4.915361e+17
  423 4.981698e+17
  424 5.064895e+17
  425 5.091926e+17
  426 5.135111e+17
  427 5.180940e+17
  428 5.232857e+17
  429 5.254933e+17
  430 5.318439e+17
  431 5.358224e+17
  432 5.408779e+17
  433 5.468763e+17
  434 5.500617e+17
  436 5.609297e+17
  437 5.658329e+17
  439 5.749936e+17
  440 5.781340e+17
  441 5.835659e+17
  442 5.906376e+17
  443 5.934891e+17
  444 5.962839e+17
  445 6.012956e+17
  447 6.142940e+17
  448 6.176429e+17
  450 6.286563e+17
  451 6.324174e+17
  452 6.375843e+17
  453 6.451185e+17
  454 6.497696e+17
  455 6.555615e+17
  456 6.601434e+17
  457 6.644538e+17
  458 6.683365e+17
  459 6.742304e+17
  460 6.788585e+17
  461 6.871418e+17
  462 6.942241e+17
  463 6.978130e+17
  464 7.025788e+17
  465 7.061189e+17
  466 7.133442e+17
  467 7.209736e+17
  468 7.241723e+17
  469 7.314061e+17
  471 7.418335e+17
  472 7.459348e+17
  473 7.539112e+17
  475 7.651662e+17
  476 7.712953e+17
  478 7.816441e+17
  479 7.902996e+17
  481 8.005232e+17
  482 8.063214e+17
  483 8.153357e+17
  484 8.191107e+17
  485 8.224752e+17
  487 8.374457e+17
  488 8.444295e+17
  489 8.501832e+17
  491 8.616507e+17
  492 8.661641e+17
  493 8.745158e+17
  494 8.816048e+17
  495 8.855027e+17
  496 8.919697e+17
  497 8.997773e+17
  498 9.056382e+17
  499 9.127916e+17
  501 9.248506e+17
  502 9.341948e+17
  503 9.390300e+17
  504 9.482412e+17
  506 9.582129e+17
  507 9.654830e+17
  508 9.708111e+17
  509 9.761713e+17
  510 9.864247e+17
  511 9.911913e+17
  512 9.980200e+17
  513 1.008321e+18
  515 1.019799e+18
  516 1.024525e+18
  517 1.034042e+18
  519 1.046230e+18
  520 1.053070e+18
  521 1.062345e+18
  522 1.072221e+18
  523 1.073573e+18
  524 1.085382e+18
  525 1.090126e+18
  526 1.097692e+18
  527 1.106207e+18
  529 1.120090e+18
  530 1.130252e+18
  531 1.134457e+18
  532 1.142112e+18
  533 1.150165e+18
  534 1.156815e+18
  535 1.161003e+18
  536 1.170857e+18
  538 1.185428e+18
  539 1.194227e+18
  540 1.201939e+18
  541 1.211263e+18
  542 1.219393e+18
  543 1.224650e+18
  544 1.234575e+18
  545 1.240789e+18
  547 1.255763e+18
  550 1.280480e+18
  551 1.288160e+18
  552 1.293439e+18
  553 1.302685e+18
  554 1.312288e+18
  555 1.322449e+18
  556 1.323901e+18
  557 1.334115e+18
  558 1.343293e+18
  559 1.350867e+18
  560 1.363305e+18
  561 1.370035e+18
  562 1.377195e+18
  564 1.393402e+18
  565 1.397112e+18
  566 1.408147e+18
  567 1.417153e+18
  568 1.428208e+18
  569 1.434095e+18
  570 1.442636e+18
  571 1.451923e+18
  572 1.457846e+18
  573 1.469092e+18
  574 1.475311e+18
  575 1.487797e+18
  577 1.500528e+18
  578 1.511828e+18
  579 1.517857e+18
  581 1.537696e+18
  582 1.546582e+18
  583 1.556391e+18
  584 1.563650e+18
  585 1.573979e+18
  586 1.578415e+18
  587 1.589150e+18
  588 1.596818e+18
  589 1.610566e+18
  590 1.616632e+18
  591 1.627345e+18
  592 1.633575e+18
  593 1.646581e+18
  595 1.662898e+18
  596 1.669829e+18
  597 1.679929e+18
  598 1.688415e+18
  599 1.701718e+18
  600 1.712534e+18
  601 1.720471e+18
  602 1.728833e+18
  603 1.735943e+18
  604 1.746802e+18
  605 1.757869e+18
  606 1.765732e+18
  608 1.787729e+18
  609 1.794280e+18
  610 1.803602e+18
  611 1.812302e+18
  612 1.820516e+18
  613 1.833691e+18
  614 1.840110e+18
  615 1.851865e+18
  616 1.859196e+18
  617 1.873612e+18
  618 1.878282e+18
  619 1.888058e+18
  620 1.897769e+18
  621 1.912753e+18
  622 1.923912e+18
  623 1.931574e+18
  624 1.938807e+18
  625 1.951493e+18
  626 1.962268e+18
  627 1.974770e+18
  628 1.976812e+18
  629 1.992206e+18
  631 2.014432e+18
  632 2.020924e+18
  633 2.030216e+18
  634 2.043151e+18
  635 2.053701e+18
  636 2.067989e+18
  637 2.071960e+18
  638 2.082742e+18
  639 2.097016e+18
  640 2.107397e+18
  641 2.114395e+18
  642 2.124739e+18
  643 2.136960e+18
  644 2.150855e+18
  645 2.162020e+18
  646 2.172490e+18
  647 2.182002e+18
  648 2.187280e+18
  649 2.201277e+18
  650 2.214756e+18
  651 2.227431e+18
  652 2.236533e+18
  653 2.246991e+18
  654 2.258265e+18
  655 2.269183e+18
  656 2.281009e+18
  657 2.294914e+18
  659 2.314225e+18
  660 2.327780e+18
  661 2.336244e+18
  662 2.345525e+18
  663 2.362928e+18
  664 2.369782e+18
  665 2.385335e+18
  666 2.393905e+18
  667 2.404175e+18
  668 2.418524e+18
  669 2.425244e+18
  670 2.438763e+18
  671 2.455200e+18
  672 2.462477e+18
  673 2.476823e+18
  674 2.481640e+18
  675 2.497197e+18
  676 2.507164e+18
  677 2.523351e+18
  678 2.536376e+18
  679 2.547008e+18
  680 2.561521e+18
  681 2.571514e+18
  682 2.582612e+18
  684 2.606264e+18
  685 2.621504e+18
  686 2.628288e+18
  687 2.645002e+18
  688 2.654304e+18
  689 2.663272e+18
  690 2.678124e+18
  691 2.693300e+18
  692 2.705104e+18
  693 2.715873e+18
  694 2.735784e+18
  695 2.741303e+18
  696 2.750760e+18
  697 2.767779e+18
  698 2.778715e+18
  699 2.797641e+18
  700 2.806228e+18
  701 2.822797e+18
  702 2.827574e+18
  703 2.838658e+18
  704 2.853061e+18
  705 2.869792e+18
  706 2.883382e+18
  707 2.903676e+18
  708 2.915865e+18
  709 2.920888e+18
  710 2.935610e+18
  711 2.949912e+18
  712 2.961369e+18
  713 2.976131e+18
  714 2.984565e+18
  715 3.004529e+18
  716 3.018126e+18
  717 3.030650e+18
  718 3.048526e+18
  719 3.063424e+18
  720 3.069276e+18
  721 3.089894e+18
  722 3.095216e+18
  723 3.108851e+18
  724 3.124888e+18
  725 3.141847e+18
  726 3.155053e+18
  727 3.168234e+18
  728 3.180879e+18
  729 3.196847e+18
  730 3.214585e+18
  731 3.227759e+18
  732 3.232417e+18
  733 3.252784e+18
  734 3.262903e+18
  735 3.279623e+18
  736 3.296307e+18
  737 3.307968e+18
  738 3.323005e+18
  739 3.337744e+18
  740 3.348082e+18
  741 3.371296e+18
  742 3.379613e+18
  743 3.393463e+18
  744 3.405169e+18
  745 3.418333e+18
  746 3.432699e+18
  747 3.447530e+18
  748 3.467310e+18
  749 3.482062e+18
  750 3.497887e+18
  751 3.511722e+18
  752 3.522900e+18
  753 3.542204e+18
  754 3.559294e+18
  755 3.568363e+18
  756 3.583731e+18
  757 3.601420e+18
  758 3.610508e+18
  759 3.623150e+18
  760 3.640674e+18
  761 3.660972e+18
  762 3.670369e+18
  763 3.688010e+18
  764 3.705785e+18
  765 3.724285e+18
  766 3.736748e+18
  767 3.750772e+18
  768 3.769667e+18
  770 3.795843e+18
  771 3.810171e+18
  772 3.823315e+18
  773 3.845416e+18
  774 3.855808e+18
  775 3.874151e+18
  776 3.889043e+18
  777 3.900977e+18
  778 3.923142e+18
  779 3.941199e+18
  780 3.948342e+18
  781 3.964543e+18
  782 3.980558e+18
  783 3.991576e+18
  784 4.012490e+18
  785 4.021941e+18
  786 4.043241e+18
  787 4.064303e+18
  788 4.073377e+18
  789 4.094666e+18
  790 4.107776e+18
  791 4.118863e+18
  792 4.141082e+18
  793 4.156294e+18
  794 4.171825e+18
  795 4.184094e+18
  796 4.198003e+18
  797 4.216098e+18
  798 4.235622e+18
  799 4.250524e+18
  800 4.266839e+18
  801 4.283131e+18
  802 4.301078e+18
  803 4.312412e+18
  804 4.333128e+18
  805 4.351030e+18
  806 4.363207e+18
  807 4.378474e+18
  808 4.397737e+18
  809 4.412105e+18
  810 4.427259e+18
  811 4.447567e+18
  812 4.462355e+18
  813 4.484082e+18
  814 4.496326e+18
  815 4.508507e+18
  816 4.527582e+18
  817 4.540936e+18
  818 4.558967e+18
  819 4.579641e+18
  820 4.598061e+18
  821 4.614284e+18
  822 4.628477e+18
  823 4.642726e+18
  824 4.665056e+18
  825 4.682591e+18
  826 4.698592e+18
  828 4.730800e+18
  829 4.752464e+18
  830 4.767176e+18
  831 4.786951e+18
  832 4.794686e+18
  833 4.817309e+18
  834 4.828019e+18
  835 4.846863e+18
  836 4.867661e+18
  837 4.879387e+18
  838 4.901402e+18
  839 4.918170e+18
  840 4.939346e+18
  841 4.953362e+18
  842 4.966017e+18
  843 4.981404e+18
  844 4.996665e+18
  845 5.017254e+18
  846 5.028439e+18
  847 5.052816e+18
  848 5.064238e+18
  849 5.088693e+18
  850 5.108617e+18
  851 5.119249e+18
  852 5.138402e+18
  853 5.155421e+18
  855 5.181276e+18
  856 5.206262e+18
  857 5.216611e+18
  858 5.238261e+18
  859 5.259084e+18
  860 5.271366e+18
  861 5.288068e+18
  862 5.308440e+18
  863 5.326221e+18
  864 5.347965e+18
  865 5.360094e+18
  866 5.377060e+18
  867 5.400541e+18
  868 5.412398e+18
  869 5.429035e+18
  870 5.450415e+18
  871 5.466938e+18
  872 5.483622e+18
  873 5.502075e+18
  874 5.519379e+18
  875 5.534295e+18
  876 5.559566e+18
  877 5.570479e+18
  878 5.595878e+18
  879 5.604334e+18
  880 5.626528e+18
  881 5.645649e+18
  882 5.661130e+18
  883 5.672859e+18
  884 5.694335e+18
  885 5.711519e+18
  886 5.728649e+18
  887 5.749581e+18
  888 5.761708e+18
  890 5.798342e+18
  892 5.840176e+18
  893 5.855441e+18
  894 5.868068e+18
  895 5.886279e+18
  896 5.910619e+18
  897 5.928271e+18
  898 5.944486e+18
  899 5.955044e+18
  900 5.981341e+18
  901 5.997849e+18
  902 6.013951e+18
  903 6.028380e+18
  904 6.053941e+18
  905 6.077584e+18
  906 6.089774e+18
  907 6.109228e+18
  908 6.124504e+18
  909 6.139988e+18
  910 6.156625e+18
  911 6.176818e+18
  912 6.197981e+18
  913 6.212887e+18
  914 6.233710e+18
  915 6.246231e+18
  916 6.271397e+18
  918 6.304693e+18
  919 6.322434e+18
  920 6.339011e+18
  921 6.365080e+18
  922 6.379372e+18
  923 6.397430e+18
  924 6.416002e+18
  925 6.438535e+18
  926 6.450410e+18
  927 6.469841e+18
  928 6.492547e+18
  929 6.505488e+18
  930 6.525505e+18
  932 6.565678e+18
  933 6.583174e+18
  934 6.608241e+18
  935 6.622610e+18
  936 6.640683e+18
  937 6.658205e+18
  938 6.683066e+18
  939 6.700872e+18
  940 6.710876e+18
  941 6.731574e+18
  942 6.757419e+18
  943 6.775152e+18
  944 6.793090e+18
  945 6.813857e+18
  946 6.827725e+18
  947 6.855500e+18
  948 6.869657e+18
  949 6.881053e+18
  950 6.906870e+18
  951 6.926014e+18
  952 6.949146e+18
  953 6.965922e+18
  955 7.001210e+18
  956 7.022010e+18
  957 7.043950e+18
  958 7.064379e+18
  959 7.082468e+18
  960 7.098174e+18
  961 7.113104e+18
  962 7.143472e+18
  963 7.159518e+18
  964 7.174845e+18
  965 7.197303e+18
  966 7.217319e+18
  967 7.242039e+18
  968 7.257423e+18
  969 7.270837e+18
  970 7.294388e+18
  971 7.317392e+18
  972 7.337913e+18
  973 7.353871e+18
  974 7.373267e+18
  975 7.393403e+18
  976 7.418784e+18
  977 7.439239e+18
  978 7.457664e+18
  979 7.470771e+18
  980 7.490461e+18
  981 7.513847e+18
  982 7.534269e+18
  983 7.553312e+18
  984 7.577747e+18
  985 7.602065e+18
  986 7.617425e+18
  987 7.635572e+18
  988 7.658962e+18
  989 7.677457e+18
  990 7.697399e+18
  991 7.710894e+18
  992 7.740220e+18
  993 7.758000e+18
  994 7.773046e+18
  995 7.799180e+18
  996 7.818150e+18
  997 7.838473e+18
  998 7.858364e+18
  999 7.879543e+18
 1000 7.908011e+18
 1001 7.920730e+18
 1002 7.947111e+18
 1003 7.967832e+18
 1004 7.985362e+18
 1005 8.008513e+18
 1006 8.034970e+18
 1007 8.045324e+18
 1008 8.067218e+18
 1009 8.088368e+18
 1010 8.112602e+18
 1011 8.130495e+18
 1012 8.152880e+18
 1013 8.172764e+18
 1014 8.198203e+18
 1015 8.210124e+18
 1016 8.241539e+18
 1017 8.268076e+18
 1018 8.283525e+18
 1019 8.292997e+18
 1020 8.333740e+18
 1021 8.341284e+18
 1022 8.368121e+18
 1023 8.390010e+18
 1024 8.410206e+18
 1025 8.437559e+18
 1026 8.455958e+18
 1027 8.474423e+18
 1028 8.502711e+18
 1029 8.521771e+18
 1030 8.541088e+18
 1031 8.554702e+18
 1032 8.580569e+18
 1033 8.607902e+18
 1034 8.622190e+18
 1035 8.646243e+18
 1036 8.670594e+18
 1037 8.691311e+18
 1038 8.715207e+18
 1039 8.743767e+18
 1040 8.756261e+18
 1041 8.774128e+18
 1042 8.804614e+18
 1043 8.822061e+18
 1044 8.849376e+18
 1045 8.873782e+18
 1046 8.891648e+18
 1047 8.912570e+18
 1048 8.927711e+18
 1049 8.954017e+18
 1050 8.977619e+18
 1051 9.001571e+18
 1052 9.024798e+18
 1053 9.052197e+18
 1055 9.088177e+18
 1056 9.115829e+18
 1057 9.123712e+18
 1058 9.155790e+18
 1059 9.177703e+18
 1060 9.206073e+18
 1061 9.225090e+18
 1062 9.253639e+18
 1063 9.271095e+18
 1064 9.293383e+18
 1065 9.316572e+18
 1066 9.335293e+18
 1067 9.360321e+18
 1068 9.372179e+18
 1069 9.404043e+18
 1070 9.423813e+18
 1071 9.451423e+18
 1072 9.472844e+18
 1073 9.492161e+18
 1074 9.518488e+18
 1075 9.530577e+18
 1076 9.564343e+18
 1077 9.583487e+18
 1078 9.602579e+18
 1079 9.634481e+18
 1080 9.657828e+18
 1081 9.672875e+18
 1082 9.693904e+18
 1083 9.718367e+18
 1084 9.744055e+18
 1085 9.765118e+18
 1086 9.794674e+18
 1087 9.808981e+18
 1088 9.844117e+18
 1089 9.860555e+18
 1090 9.882368e+18
 1091 9.903289e+18
 1092 9.928575e+18
 1093 9.946692e+18
 1094 9.968406e+18
 1095 9.992341e+18
 1096 1.001751e+19
 1097 1.003950e+19
 1098 1.006638e+19
 1099 1.008156e+19
 1100 1.011289e+19
 1101 1.012867e+19
 1102 1.016536e+19
 1103 1.017592e+19
 1104 1.019954e+19
 1105 1.022027e+19
 1106 1.024283e+19
 1107 1.026937e+19
 1108 1.029134e+19
 1109 1.031588e+19
 1110 1.033747e+19
 1111 1.036651e+19
 1112 1.038708e+19
 1113 1.041015e+19
 1114 1.042703e+19
 1115 1.044585e+19
 1116 1.048140e+19
 1117 1.049816e+19
 1118 1.051892e+19
 1119 1.053660e+19
 1120 1.057384e+19
 1121 1.059336e+19
 1122 1.061746e+19
 1123 1.063655e+19
 1124 1.066415e+19
 1125 1.069242e+19
 1126 1.071065e+19
 1127 1.072909e+19
 1128 1.075501e+19
 1129 1.076938e+19
 1130 1.079954e+19
 1131 1.082940e+19
 1132 1.084465e+19
 1133 1.086153e+19
 1134 1.088975e+19
 1135 1.091125e+19
 1136 1.093745e+19
 1137 1.096191e+19
 1138 1.098340e+19
 1139 1.100651e+19
 1140 1.102748e+19
 1141 1.105722e+19
 1142 1.108551e+19
 1143 1.109559e+19
 1144 1.112178e+19
 1145 1.114492e+19
 1147 1.119361e+19
 1148 1.121835e+19
 1149 1.123431e+19
 1150 1.126143e+19
 1151 1.128553e+19
 1152 1.130563e+19
 1153 1.132277e+19
 1154 1.134598e+19
 1155 1.137332e+19
 1156 1.139621e+19
 1157 1.141388e+19
 1158 1.144149e+19
 1159 1.146122e+19
 1160 1.148863e+19
 1161 1.151053e+19
 1162 1.154029e+19
 1163 1.155578e+19
 1164 1.158111e+19
 1165 1.160950e+19
 1166 1.163405e+19
 1167 1.165251e+19
 1168 1.166690e+19
 1169 1.169396e+19
 1170 1.172086e+19
 1171 1.174182e+19
 1172 1.176204e+19
 1173 1.178377e+19
 1174 1.181131e+19
 1175 1.182840e+19
 1176 1.186228e+19
 1177 1.187592e+19
 1178 1.189592e+19
 1179 1.192713e+19
 1180 1.194337e+19
 1181 1.197002e+19
 1182 1.198944e+19
 1183 1.201671e+19
 1184 1.204064e+19
 1185 1.206412e+19
 1186 1.208061e+19
 1187 1.210612e+19
 1188 1.212895e+19
 1189 1.214512e+19
 1190 1.216965e+19
 1191 1.219907e+19
 1192 1.222173e+19
 1193 1.224462e+19
 1194 1.225961e+19
 1195 1.228951e+19
 1196 1.231560e+19
 1197 1.233979e+19
 1198 1.235743e+19
 1199 1.238125e+19
 1200 1.240080e+19
 1201 1.242587e+19
 1202 1.244530e+19
 1203 1.247381e+19
 1204 1.249792e+19
 1205 1.251638e+19
 1206 1.253973e+19
 1207 1.256259e+19
 1208 1.258568e+19
 1209 1.260995e+19
 1210 1.263599e+19
 1211 1.265435e+19
 1212 1.267188e+19
 1213 1.270596e+19
 1214 1.271852e+19
 1215 1.274532e+19
 1216 1.277232e+19
 1217 1.279418e+19
 1218 1.281251e+19
 1219 1.284160e+19
 1220 1.286190e+19
 1221 1.288412e+19
 1222 1.290723e+19
 1223 1.293306e+19
 1224 1.295368e+19
 1225 1.297550e+19
 1226 1.299527e+19
 1227 1.302014e+19
 1228 1.304057e+19
 1229 1.306507e+19
 1230 1.308798e+19
 1231 1.311089e+19
 1232 1.314439e+19
 1233 1.316218e+19
 1234 1.318975e+19
 1235 1.320498e+19
 1236 1.323461e+19
 1237 1.325850e+19
 1238 1.327458e+19
 1239 1.330097e+19
 1240 1.331672e+19
 1241 1.334948e+19
 1242 1.337202e+19
 1243 1.338998e+19
 1244 1.342479e+19
 1245 1.344070e+19
 1246 1.346733e+19
 1247 1.348796e+19
 1248 1.350763e+19
 1249 1.353035e+19
 1250 1.355836e+19
 1251 1.357699e+19
 1252 1.360337e+19
 1253 1.362424e+19
 1254 1.364561e+19
 1255 1.367087e+19
 1256 1.369455e+19
 1257 1.371846e+19
 1258 1.374154e+19
 1259 1.376549e+19
 1260 1.378050e+19
 1261 1.381446e+19
 1262 1.383473e+19
 1263 1.386106e+19
 1264 1.388559e+19
 1265 1.391345e+19
 1266 1.392402e+19
 1267 1.394704e+19
 1268 1.397661e+19
 1269 1.400171e+19
 1270 1.402698e+19
 1271 1.404814e+19
 1272 1.406900e+19
 1273 1.409527e+19
 1274 1.411771e+19
 1275 1.413836e+19
 1276 1.416314e+19
 1277 1.418564e+19
 1278 1.420618e+19
 1279 1.423554e+19
 1280 1.425467e+19
 1281 1.427765e+19
 1282 1.430581e+19
 1283 1.432999e+19
 1284 1.435283e+19
 1285 1.438390e+19
 1286 1.439956e+19
 1287 1.442579e+19
 1288 1.444962e+19
 1289 1.447123e+19
 1290 1.449614e+19
 1291 1.451733e+19
 1292 1.454664e+19
 1293 1.456855e+19
 1294 1.458660e+19
 1295 1.461826e+19
 1296 1.463617e+19
 1297 1.466310e+19
 1298 1.468596e+19
 1299 1.472110e+19
 1300 1.473159e+19
 1301 1.475770e+19
 1302 1.477486e+19
 1303 1.480642e+19
 1304 1.483334e+19
 1305 1.485691e+19
 1306 1.487459e+19
 1307 1.489863e+19
 1308 1.493156e+19
 1309 1.495212e+19
 1310 1.497845e+19
 1311 1.499450e+19
 1312 1.502641e+19
 1313 1.505160e+19
 1314 1.507249e+19
 1315 1.509747e+19
 1316 1.512169e+19
 1317 1.514169e+19
 1318 1.516771e+19
 1319 1.519143e+19
 1320 1.521966e+19
 1321 1.524423e+19
 1322 1.526934e+19
 1323 1.529173e+19
 1324 1.531283e+19
 1325 1.533997e+19
 1326 1.535808e+19
 1327 1.538766e+19
 1328 1.541451e+19
 1329 1.543434e+19
 1330 1.546115e+19
 1331 1.548735e+19
 1332 1.550550e+19
 1333 1.553014e+19
 1334 1.555812e+19
 1335 1.557911e+19
 1336 1.560520e+19
 1337 1.563106e+19
 1338 1.565105e+19
 1339 1.568697e+19
 1340 1.570226e+19
 1341 1.572895e+19
 1342 1.575358e+19
 1343 1.577603e+19
 1344 1.580101e+19
 1345 1.582683e+19
 1346 1.583998e+19
 1347 1.586862e+19
 1348 1.589966e+19
 1349 1.592736e+19
 1350 1.594816e+19
 1351 1.597582e+19
 1352 1.599410e+19
 1353 1.601700e+19
 1354 1.604184e+19
 1355 1.606559e+19
 1356 1.608895e+19
 1357 1.611443e+19
 1358 1.613764e+19
 1359 1.616547e+19
 1360 1.619405e+19
 1361 1.621631e+19
 1362 1.623928e+19
 1363 1.626334e+19
 1364 1.628966e+19
 1365 1.631744e+19
 1366 1.633644e+19
 1367 1.635935e+19
 1368 1.638774e+19
 1369 1.640829e+19
 1370 1.643169e+19
 1371 1.645725e+19
 1372 1.647588e+19
 1373 1.650477e+19
 1374 1.652838e+19
 1375 1.655395e+19
 1376 1.657617e+19
 1377 1.659973e+19
 1378 1.662074e+19
 1379 1.664871e+19
 1380 1.666522e+19
 1381 1.669481e+19
 1382 1.672525e+19
 1383 1.674996e+19
 1384 1.676928e+19
 1385 1.680040e+19
 1386 1.681933e+19
 1387 1.684366e+19
 1388 1.687146e+19
 1389 1.689310e+19
 1390 1.691588e+19
 1391 1.693689e+19
 1392 1.696614e+19
 1393 1.698423e+19
 1394 1.700699e+19
 1395 1.703200e+19
 1396 1.705820e+19
 1398 1.710164e+19
 1399 1.713123e+19
 1400 1.715412e+19
 1401 1.717811e+19
 1402 1.719450e+19
 1403 1.722800e+19
 1404 1.724381e+19
 1405 1.727170e+19
 1406 1.729222e+19
 1407 1.731749e+19
 1408 1.733910e+19
 1409 1.736445e+19
 1410 1.739145e+19
 1411 1.741763e+19
 1412 1.744285e+19
 1413 1.746550e+19
 1414 1.747907e+19
 1415 1.751086e+19
 1416 1.753669e+19
 1417 1.756245e+19
 1418 1.757301e+19
 1419 1.760415e+19
 1420 1.762743e+19
 1421 1.765038e+19
 1422 1.767377e+19
 1423 1.770467e+19
 1424 1.771566e+19
 1425 1.773253e+19
 1426 1.776448e+19
 1427 1.778889e+19
 1428 1.780978e+19
 1429 1.784156e+19
 1430 1.786300e+19
 1431 1.788613e+19
 1432 1.790485e+19
 1433 1.793158e+19
 1434 1.795073e+19
 1435 1.797592e+19
 1436 1.800215e+19
 1437 1.802543e+19
 1438 1.803658e+19
 1439 1.807110e+19
 1440 1.809509e+19
 1441 1.811100e+19
 1442 1.813108e+19
 1443 1.816504e+19
 1444 1.818043e+19
 1445 1.820697e+19
 1446 1.822757e+19
 1447 1.825386e+19
 1448 1.827826e+19
 1449 1.829526e+19
 1450 1.832252e+19
 1451 1.834793e+19
 1452 1.836674e+19
 1453 1.838868e+19
 1454 1.841403e+19
 1455 1.843054e+19
 1456 1.845682e+19
 1457 1.848028e+19
 1458 1.850424e+19
 1459 1.853104e+19
 1460 1.855200e+19
 1461 1.857422e+19
 1462 1.859811e+19
 1463 1.862454e+19
 1464 1.863780e+19
 1465 1.866114e+19
 1466 1.868230e+19
 1467 1.870109e+19
 1468 1.873658e+19
 1469 1.874520e+19
 1470 1.878092e+19
 1471 1.879584e+19
 1472 1.881645e+19
 1473 1.885223e+19
 1474 1.887099e+19
 1475 1.888842e+19
 1476 1.890944e+19
 1477 1.893186e+19
 1478 1.895220e+19
 1479 1.897530e+19
 1480 1.899627e+19
 1481 1.901988e+19
 1482 1.904807e+19
 1483 1.907390e+19
 1484 1.908904e+19
 1485 1.911178e+19
 1486 1.913164e+19
 1487 1.916242e+19
 1488 1.918610e+19
 1489 1.920294e+19
 1490 1.922348e+19
 1491 1.924632e+19
 1492 1.926588e+19
 1493 1.929181e+19
 1494 1.931419e+19
 1495 1.933657e+19
 1496 1.935970e+19
 1497 1.937798e+19
 1498 1.940309e+19
 1499 1.942695e+19
 1500 1.944731e+19
 1501 1.947309e+19
 1502 1.949217e+19
 1503 1.951515e+19
 1504 1.953562e+19
 1505 1.955760e+19
 1506 1.957815e+19
 1507 1.960211e+19
 1508 1.962927e+19
 1509 1.965170e+19
 1510 1.967157e+19
 1511 1.969500e+19
 1512 1.971878e+19
 1513 1.973488e+19
 1514 1.975902e+19
 1515 1.978580e+19
 1516 1.980597e+19
 1517 1.982779e+19
 1518 1.984598e+19
 1519 1.987573e+19
 1520 1.988849e+19
 1521 1.991986e+19
 1522 1.993758e+19
 1523 1.996085e+19
 1524 1.998498e+19
 1525 2.000625e+19
 1526 2.003125e+19
 1527 2.004602e+19
 1528 2.007584e+19
 1529 2.009493e+19
 1530 2.011650e+19
 1531 2.014462e+19
 1532 2.015977e+19
 1533 2.018955e+19
 1534 2.021057e+19
 1535 2.022899e+19
 1536 2.025343e+19
 1537 2.027795e+19
 1538 2.029397e+19
 1539 2.032246e+19
 1540 2.035095e+19
 1541 2.036577e+19
 1542 2.039082e+19
 1543 2.041130e+19
 1544 2.043085e+19
 1545 2.045991e+19
 1546 2.047501e+19
 1547 2.050088e+19
 1548 2.052483e+19
 1549 2.054865e+19
 1550 2.057048e+19
 1551 2.059115e+19
 1552 2.061180e+19
 1553 2.064163e+19
 1554 2.066403e+19
 1555 2.069042e+19
 1556 2.070795e+19
 1557 2.072684e+19
 1558 2.074856e+19
 1559 2.077927e+19
 1560 2.079413e+19
 1561 2.082026e+19
 1562 2.084073e+19
 1563 2.086908e+19
 1564 2.088919e+19
 1565 2.091288e+19
 1566 2.093234e+19
 1567 2.095725e+19
 1568 2.098260e+19
 1569 2.099864e+19
 1570 2.102296e+19
 1571 2.105172e+19
 1572 2.107225e+19
 1573 2.109479e+19
 1574 2.111440e+19
 1575 2.114052e+19
 1576 2.116432e+19
 1577 2.117917e+19
 1578 2.120420e+19
 1579 2.123171e+19
 1580 2.125589e+19
 1581 2.127266e+19
 1582 2.130256e+19
 1583 2.131910e+19
 1584 2.134884e+19
 1585 2.137036e+19
 1586 2.139181e+19
 1587 2.141779e+19
 1588 2.143723e+19
 1589 2.145803e+19
 1590 2.148462e+19
 1591 2.151346e+19
 1592 2.152822e+19
 1593 2.155338e+19
 1594 2.157566e+19
 1595 2.160188e+19
 1596 2.162714e+19
 1597 2.164342e+19
 1598 2.166558e+19
 1599 2.169051e+19
 1600 2.172010e+19
 1601 2.173795e+19
 1602 2.176287e+19
 1603 2.178361e+19
 1604 2.180921e+19
 1605 2.183090e+19
 1606 2.185385e+19
 1607 2.187652e+19
 1608 2.190363e+19
 1609 2.193065e+19
 1610 2.194993e+19
 1611 2.196922e+19
 1612 2.199686e+19
 1613 2.201428e+19
 1614 2.204117e+19
 1615 2.206499e+19
 1616 2.208928e+19
 1617 2.210374e+19
 1618 2.213010e+19
 1619 2.215836e+19
 1620 2.217845e+19
 1621 2.219926e+19
 1622 2.222078e+19
 1623 2.224945e+19
 1624 2.227226e+19
 1625 2.229241e+19
 1626 2.232413e+19
 1627 2.234105e+19
 1628 2.236399e+19
 1629 2.239344e+19
 1630 2.241178e+19
 1631 2.243095e+19
 1632 2.245483e+19
 1633 2.248015e+19
 1634 2.250037e+19
 1635 2.252382e+19
 1636 2.255200e+19
 1637 2.256820e+19
 1638 2.258923e+19
 1639 2.261550e+19
 1640 2.263762e+19
 1641 2.265872e+19
 1642 2.268413e+19
 1643 2.270734e+19
 1644 2.273269e+19
 1645 2.275601e+19
 1646 2.277531e+19
 1647 2.280465e+19
 1648 2.282764e+19
 1649 2.284780e+19
 1650 2.287145e+19
 1651 2.289804e+19
 1652 2.291415e+19
 1653 2.294123e+19
 1654 2.296403e+19
 1655 2.298405e+19
 1656 2.301053e+19
 1657 2.303393e+19
 1658 2.305103e+19
 1659 2.307497e+19
 1660 2.309945e+19
 1661 2.312233e+19
 1662 2.314880e+19
 1663 2.317109e+19
 1664 2.319222e+19
 1665 2.321102e+19
 1666 2.323550e+19
 1667 2.326198e+19
 1668 2.327775e+19
 1669 2.329678e+19
 1670 2.332454e+19
 1671 2.334952e+19
 1672 2.336570e+19
 1673 2.338664e+19
 1674 2.341381e+19
 1675 2.343702e+19
 1676 2.345776e+19
 1677 2.348048e+19
 1678 2.350249e+19
 1679 2.352652e+19
 1680 2.354947e+19
 1681 2.357239e+19
 1682 2.359750e+19
 1683 2.360780e+19
 1684 2.364160e+19
 1685 2.365526e+19
 1686 2.368142e+19
 1687 2.370437e+19
 1688 2.372619e+19
 1689 2.374569e+19
 1690 2.376737e+19
 1691 2.378375e+19
 1692 2.380787e+19
 1693 2.382871e+19
 1694 2.385456e+19
 1695 2.387501e+19
 1696 2.389600e+19
 1697 2.391536e+19
 1698 2.394510e+19
 1699 2.396476e+19
 1700 2.398750e+19
 1701 2.400691e+19
 1702 2.402577e+19
 1703 2.404681e+19
 1704 2.407341e+19
 1705 2.409512e+19
 1706 2.411295e+19
 1707 2.413648e+19
 1708 2.416026e+19
 1709 2.417531e+19
 1710 2.419483e+19
 1711 2.421612e+19
 1712 2.424137e+19
 1713 2.425801e+19
 1714 2.428569e+19
 1715 2.431008e+19
 1716 2.432802e+19
 1717 2.434893e+19
 1718 2.436853e+19
 1719 2.438902e+19
 1720 2.440900e+19
 1721 2.443281e+19
 1722 2.445691e+19
 1723 2.447882e+19
 1724 2.449367e+19
 1725 2.451151e+19
 1726 2.453520e+19
 1727 2.455536e+19
 1728 2.458455e+19
 1729 2.460545e+19
 1730 2.462025e+19
 1731 2.463864e+19
 1732 2.466001e+19
 1733 2.468442e+19
 1734 2.470398e+19
 1735 2.472333e+19
 1736 2.474363e+19
 1737 2.476661e+19
 1738 2.477976e+19
 1739 2.480411e+19
 1740 2.482923e+19
 1741 2.484104e+19
 1742 2.487120e+19
 1743 2.489026e+19
 1744 2.490518e+19
 1745 2.492421e+19
 1746 2.494851e+19
 1747 2.496779e+19
 1748 2.499279e+19
 1749 2.501037e+19
 1750 2.503073e+19
 1751 2.504970e+19
 1752 2.506886e+19
 1753 2.509402e+19
 1754 2.511373e+19
 1755 2.513213e+19
 1756 2.515323e+19
 1757 2.517676e+19
 1758 2.519514e+19
 1759 2.521157e+19
 1760 2.523360e+19
 1761 2.525115e+19
 1762 2.527791e+19
 1763 2.529400e+19
 1764 2.531663e+19
 1765 2.533552e+19
 1766 2.535474e+19
 1767 2.537338e+19
 1768 2.539932e+19
 1769 2.541703e+19
 1770 2.543706e+19
 1771 2.545490e+19
 1772 2.547916e+19
 1773 2.550248e+19
 1774 2.552042e+19
 1775 2.553791e+19
 1776 2.555683e+19
 1777 2.557549e+19
 1778 2.559363e+19
 1779 2.561785e+19
 1780 2.563931e+19
 1781 2.566092e+19
 1782 2.567763e+19
 1783 2.570089e+19
 1784 2.572596e+19
 1785 2.573994e+19
 1786 2.576271e+19
 1787 2.577887e+19
 1788 2.579975e+19
 1789 2.581864e+19
 1790 2.583895e+19
 1791 2.586159e+19
 1792 2.587844e+19
 1793 2.590278e+19
 1794 2.592596e+19
 1795 2.594512e+19
 1796 2.595999e+19
 1797 2.598146e+19
 1798 2.600122e+19
 1799 2.602286e+19
 1800 2.605282e+19
 1801 2.606151e+19
 1802 2.608616e+19
 1803 2.611051e+19
 1804 2.612914e+19
 1805 2.614684e+19
 1806 2.616972e+19
 1807 2.618673e+19
 1808 2.621055e+19
 1809 2.622795e+19
 1810 2.624485e+19
 1811 2.627429e+19
 1812 2.628708e+19
 1813 2.631110e+19
 1814 2.633086e+19
 1815 2.635107e+19
 1816 2.637408e+19
 1817 2.639061e+19
 1818 2.641601e+19
 1819 2.643747e+19
 1820 2.646027e+19
 1821 2.647651e+19
 1822 2.650154e+19
 1823 2.651821e+19
 1824 2.654665e+19
 1825 2.656270e+19
 1826 2.658421e+19
 1827 2.660237e+19
 1828 2.662879e+19
 1829 2.664449e+19
 1830 2.666520e+19
 1831 2.668881e+19
 1832 2.671223e+19
 1833 2.672873e+19
 1834 2.675354e+19
 1835 2.677460e+19
 1836 2.679610e+19
 1837 2.681386e+19
 1838 2.683778e+19
 1839 2.685855e+19
 1840 2.687857e+19
 1841 2.689748e+19
 1842 2.693090e+19
 1843 2.694304e+19
 1844 2.696723e+19
 1845 2.698964e+19
 1846 2.701102e+19
 1847 2.702957e+19
 1848 2.705673e+19
 1849 2.707360e+19
 1850 2.709384e+19
 1851 2.711845e+19
 1852 2.713828e+19
 1853 2.716269e+19
 1854 2.718336e+19
 1855 2.720525e+19
 1856 2.722505e+19
 1857 2.724797e+19
 1858 2.726640e+19
 1859 2.728821e+19
 1860 2.731829e+19
 1861 2.734443e+19
 1862 2.735960e+19
 1863 2.737301e+19
 1864 2.739948e+19
 1865 2.742268e+19
 1866 2.744435e+19
 1867 2.746837e+19
 1868 2.748894e+19
 1869 2.751236e+19
 1870 2.753585e+19
 1871 2.756279e+19
 1872 2.757809e+19
 1873 2.759616e+19
 1874 2.762700e+19
 1875 2.764444e+19
 1876 2.766340e+19
 1877 2.768937e+19
 1878 2.771332e+19
 1879 2.773446e+19
 1880 2.775795e+19
 1881 2.777604e+19
 1882 2.780186e+19
 1883 2.782612e+19
 1884 2.784824e+19
 1885 2.787167e+19
 1886 2.789054e+19
 1887 2.791597e+19
 1888 2.793400e+19
 1889 2.795590e+19
 1890 2.797775e+19
 1891 2.800285e+19
 1892 2.802344e+19
 1893 2.804838e+19
 1894 2.807292e+19
 1895 2.809278e+19
 1896 2.811643e+19
 1897 2.813946e+19
 1898 2.815912e+19
 1899 2.818388e+19
 1900 2.820598e+19
 1901 2.822989e+19
 1902 2.825476e+19
 1903 2.827432e+19
 1904 2.829960e+19
 1905 2.831926e+19
 1906 2.834583e+19
 1907 2.836466e+19
 1908 2.839566e+19
 1909 2.840523e+19
 1910 2.842997e+19
 1911 2.845848e+19
 1912 2.847087e+19
 1913 2.850200e+19
 1914 2.851920e+19
 1915 2.854129e+19
 1916 2.856532e+19
 1917 2.858633e+19
 1918 2.861389e+19
 1919 2.862967e+19
 1920 2.865423e+19
 1921 2.867816e+19
 1922 2.870137e+19
 1923 2.872243e+19
 1924 2.874250e+19
 1925 2.876532e+19
 1926 2.878527e+19
 1927 2.881268e+19
 1928 2.883507e+19
 1929 2.885356e+19
 1930 2.887661e+19
 1931 2.890019e+19
 1932 2.892740e+19
 1933 2.894131e+19
 1934 2.896390e+19
 1935 2.898701e+19
 1936 2.900853e+19
 1937 2.902670e+19
 1938 2.905124e+19
 1939 2.907460e+19
 1940 2.909682e+19
 1941 2.912173e+19
 1942 2.914196e+19
 1943 2.916190e+19
 1944 2.918013e+19
 1945 2.920566e+19
 1946 2.923080e+19
 1947 2.925015e+19
 1948 2.927374e+19
 1949 2.928890e+19
 1950 2.931102e+19
 1951 2.933385e+19
 1952 2.935695e+19
 1953 2.938012e+19
 1954 2.939987e+19
 1955 2.941985e+19
 1956 2.944696e+19
 1957 2.946316e+19
 1958 2.948161e+19
 1959 2.950696e+19
 1960 2.952596e+19
 1961 2.954604e+19
 1962 2.957146e+19
 1963 2.958586e+19
 1964 2.960682e+19
 1965 2.962900e+19
 1966 2.965161e+19
 1967 2.967128e+19
 1968 2.969212e+19
 1969 2.971818e+19
 1970 2.973296e+19
 1971 2.975126e+19
 1972 2.977287e+19
 1973 2.979558e+19
 1974 2.981670e+19
 1975 2.983257e+19
 1976 2.985319e+19
 1977 2.987335e+19
 1978 2.989544e+19
 1979 2.991789e+19
 1980 2.993769e+19
 1981 2.994899e+19
 1982 2.997475e+19
 1983 2.999702e+19
 1984 3.001778e+19
 1985 3.003323e+19
 1986 3.005322e+19
 1987 3.007197e+19
 1988 3.009329e+19
 1989 3.010715e+19
 1990 3.012922e+19
 1991 3.014989e+19
 1992 3.017281e+19
 1993 3.019182e+19
 1994 3.021038e+19
 1995 3.022792e+19
 1996 3.024685e+19
 1997 3.027033e+19
 1998 3.028274e+19
 1999 3.030588e+19
 2000 3.032111e+19
 2001 3.034213e+19
 2002 3.036017e+19
 2003 3.038337e+19
 2004 3.039880e+19
 2005 3.041501e+19
 2006 3.043555e+19
 2007 3.045675e+19
 2008 3.047733e+19
 2009 3.048997e+19
 2010 3.050943e+19
 2011 3.052785e+19
 2012 3.054298e+19
 2013 3.056584e+19
 2014 3.058014e+19
 2015 3.060338e+19
 2016 3.062188e+19
 2017 3.063853e+19
 2018 3.065466e+19
 2019 3.067264e+19
 2020 3.069451e+19
 2021 3.071123e+19
 2022 3.072801e+19
 2023 3.074293e+19
 2024 3.076483e+19
 2025 3.078475e+19
 2026 3.079821e+19
 2027 3.081957e+19
 2028 3.083140e+19
 2029 3.085038e+19
 2030 3.086805e+19
 2031 3.088748e+19
 2032 3.090405e+19
 2033 3.091864e+19
 2034 3.093807e+19
 2035 3.095906e+19
 2036 3.097147e+19
 2037 3.098980e+19
 2038 3.100756e+19
 2039 3.102781e+19
 2040 3.104375e+19
 2041 3.106128e+19
 2042 3.107652e+19
 2043 3.109355e+19
 2044 3.111175e+19
 2045 3.112935e+19
 2046 3.114786e+19
 2047 3.116437e+19
 2048 3.118423e+19
 2049 3.119741e+19
 2050 3.121604e+19
 2051 3.123433e+19
 2052 3.125308e+19
 2053 3.126958e+19
 2054 3.128827e+19
 2055 3.130140e+19
 2056 3.131711e+19
 2057 3.133758e+19
 2058 3.135443e+19
 2059 3.137074e+19
 2060 3.139176e+19
 2061 3.140811e+19
 2062 3.142141e+19
 2063 3.143450e+19
 2064 3.145753e+19
 2065 3.147497e+19
 2066 3.148746e+19
 2067 3.150655e+19
 2068 3.153012e+19
 2069 3.154636e+19
 2070 3.155748e+19
 2071 3.157962e+19
 2072 3.159656e+19
 2073 3.161404e+19
 2074 3.163022e+19
 2075 3.164685e+19
 2076 3.166156e+19
 2077 3.167981e+19
 2078 3.169894e+19
 2079 3.171763e+19
 2080 3.173523e+19
 2081 3.175290e+19
 2082 3.176954e+19
 2083 3.178619e+19
 2084 3.180193e+19
 2085 3.182129e+19
 2086 3.183763e+19
 2087 3.185831e+19
 2088 3.187434e+19
 2089 3.189038e+19
 2090 3.191089e+19
 2091 3.192707e+19
 2092 3.194870e+19
 2093 3.196457e+19
 2094 3.198118e+19
 2095 3.200138e+19
 2096 3.201875e+19
 2097 3.203436e+19
 2098 3.205300e+19
 2099 3.207129e+19
 2100 3.209084e+19
 2101 3.211063e+19
 2102 3.212582e+19
 2103 3.214382e+19
 2104 3.216324e+19
 2105 3.218379e+19
 2106 3.219908e+19
 2107 3.222297e+19
 2108 3.223938e+19
 2109 3.225486e+19
 2110 3.227682e+19
 2111 3.229981e+19
 2112 3.231249e+19
 2113 3.233169e+19
 2114 3.234636e+19
 2115 3.237158e+19
 2116 3.239063e+19
 2117 3.240773e+19
 2118 3.242615e+19
 2119 3.244754e+19
 2120 3.247242e+19
 2121 3.248805e+19
 2122 3.250497e+19
 2123 3.252640e+19
 2124 3.254716e+19
 2125 3.256727e+19
 2126 3.258685e+19
 2127 3.260521e+19
 2128 3.262113e+19
 2129 3.264546e+19
 2130 3.266486e+19
 2131 3.268713e+19
 2132 3.270888e+19
 2133 3.272427e+19
 2134 3.274916e+19
 2135 3.276897e+19
 2136 3.278568e+19
 2137 3.280616e+19
 2138 3.282813e+19
 2139 3.284839e+19
 2140 3.287309e+19
 2141 3.288862e+19
 2142 3.291119e+19
 2143 3.293391e+19
 2144 3.295242e+19
 2145 3.297827e+19
 2146 3.299448e+19
 2147 3.301894e+19
 2148 3.303555e+19
 2149 3.306046e+19
 2150 3.307665e+19
 2151 3.310286e+19
 2152 3.312870e+19
 2153 3.314380e+19
 2154 3.316651e+19
 2155 3.318987e+19
 2156 3.321268e+19
 2157 3.323220e+19
 2158 3.325041e+19
 2159 3.328113e+19
 2160 3.330635e+19
 2161 3.332366e+19
 2162 3.334522e+19
 2163 3.337070e+19
 2164 3.338827e+19
 2165 3.341681e+19
 2166 3.343663e+19
 2167 3.345686e+19
 2168 3.347842e+19
 2169 3.350319e+19
 2170 3.352550e+19
 2171 3.355168e+19
 2172 3.357240e+19
 2173 3.359676e+19
 2174 3.362416e+19
 2175 3.364223e+19
 2176 3.366830e+19
 2177 3.369172e+19
 2178 3.371474e+19
 2179 3.373594e+19
 2180 3.376246e+19
 2181 3.378184e+19
 2182 3.380976e+19
 2183 3.383750e+19
 2184 3.384736e+19
 2185 3.388242e+19
 2186 3.389989e+19
 2187 3.392726e+19
 2188 3.394683e+19
 2189 3.397012e+19
 2190 3.399817e+19
 2191 3.402112e+19
 2192 3.404817e+19
 2193 3.407244e+19
 2194 3.409245e+19
 2195 3.411585e+19
 2196 3.414097e+19
 2197 3.416797e+19
 2198 3.419429e+19
 2199 3.421637e+19
 2200 3.424069e+19
 2201 3.426071e+19
 2202 3.428715e+19
 2203 3.431414e+19
 2204 3.433409e+19
 2205 3.436589e+19
 2206 3.438661e+19
 2207 3.440973e+19
 2208 3.443063e+19
 2209 3.445314e+19
 2210 3.448476e+19
 2211 3.450538e+19
 2212 3.453008e+19
 2213 3.455517e+19
 2214 3.458574e+19
 2215 3.460975e+19
 2216 3.463224e+19
 2217 3.466155e+19
 2218 3.468402e+19
 2219 3.471008e+19
 2220 3.473430e+19
 2221 3.475760e+19
 2222 3.477877e+19
 2223 3.480486e+19
 2224 3.482649e+19
 2225 3.485830e+19
 2226 3.487931e+19
 2227 3.490631e+19
 2228 3.493199e+19
 2229 3.495485e+19
 2230 3.497973e+19
 2231 3.501254e+19
 2232 3.502839e+19
 2233 3.505764e+19
 2234 3.508317e+19
 2235 3.510599e+19
 2236 3.512587e+19
 2237 3.515743e+19
 2238 3.518131e+19
 2239 3.520627e+19
 2240 3.523187e+19
 2241 3.525749e+19
 2242 3.527956e+19
 2243 3.530653e+19
 2244 3.532976e+19
 2245 3.535941e+19
 2246 3.537563e+19
 2247 3.540534e+19
 2248 3.543319e+19
 2249 3.545485e+19
 2250 3.547248e+19
 2251 3.550367e+19
 2252 3.552147e+19
 2253 3.555141e+19
 2254 3.558283e+19
 2255 3.560497e+19
 2256 3.562675e+19
 2257 3.565185e+19
 2258 3.567497e+19
 2259 3.570089e+19
 2260 3.572579e+19
 2261 3.575071e+19
 2262 3.577073e+19
 2263 3.580488e+19
 2264 3.582474e+19
 2265 3.585218e+19
 2266 3.587009e+19
 2267 3.589389e+19
 2268 3.592616e+19
 2269 3.594614e+19
 2270 3.596923e+19
 2271 3.599630e+19
 2272 3.601685e+19
 2273 3.604111e+19
 2274 3.606771e+19
 2275 3.608577e+19
 2276 3.611508e+19
 2277 3.613989e+19
 2278 3.616381e+19
 2279 3.618847e+19
 2280 3.621346e+19
 2281 3.623646e+19
 2282 3.626379e+19
 2283 3.628196e+19
 2284 3.630945e+19
 2285 3.633238e+19
 2286 3.635579e+19
 2287 3.637619e+19
 2288 3.640394e+19
 2289 3.642712e+19
 2290 3.645313e+19
 2291 3.647824e+19
 2292 3.649558e+19
 2293 3.652532e+19
 2294 3.654566e+19
 2295 3.657680e+19
 2296 3.659557e+19
 2297 3.661482e+19
 2298 3.664294e+19
 2299 3.666896e+19
 2300 3.669395e+19
 2301 3.671319e+19
 2302 3.673629e+19
 2303 3.676143e+19
 2304 3.678164e+19
 2305 3.680775e+19
 2306 3.682967e+19
 2307 3.685830e+19
 2308 3.687526e+19
 2309 3.690002e+19
 2310 3.692287e+19
 2311 3.694683e+19
 2312 3.697270e+19
 2313 3.699274e+19
 2314 3.701789e+19
 2315 3.703900e+19
 2316 3.706368e+19
 2317 3.708537e+19
 2318 3.710735e+19
 2319 3.713807e+19
 2320 3.715644e+19
 2321 3.717566e+19
 2322 3.720230e+19
 2323 3.723042e+19
 2324 3.725028e+19
 2325 3.727230e+19
 2326 3.729582e+19
 2327 3.732016e+19
 2328 3.734252e+19
 2329 3.736671e+19
 2330 3.738816e+19
 2331 3.741408e+19
 2332 3.743244e+19
 2333 3.746001e+19
 2334 3.748170e+19
 2335 3.750348e+19
 2336 3.752762e+19
 2337 3.755288e+19
 2338 3.757795e+19
 2339 3.760122e+19
 2340 3.762216e+19
 2341 3.764360e+19
 2342 3.766861e+19
 2343 3.769284e+19
 2344 3.771434e+19
 2345 3.773995e+19
 2346 3.776386e+19
 2347 3.778437e+19
 2348 3.780716e+19
 2349 3.783435e+19
 2350 3.785574e+19
 2351 3.788710e+19
 2352 3.790309e+19
 2353 3.793045e+19
 2354 3.794826e+19
 2355 3.797291e+19
 2356 3.800220e+19
 2357 3.801976e+19
 2358 3.805016e+19
 2359 3.807132e+19
 2360 3.809354e+19
 2361 3.811366e+19
 2362 3.814270e+19
 2363 3.817024e+19
 2364 3.818975e+19
 2365 3.821631e+19
 2366 3.823665e+19
 2367 3.826400e+19
 2368 3.828432e+19
 2369 3.830867e+19
 2370 3.833453e+19
 2371 3.836368e+19
 2372 3.838050e+19
 2373 3.840380e+19
 2374 3.843120e+19
 2375 3.845640e+19
 2376 3.848503e+19
 2377 3.851545e+19
 2378 3.853311e+19
 2379 3.856341e+19
 2380 3.858209e+19
 2381 3.860475e+19
 2382 3.863079e+19
 2383 3.865709e+19
 2384 3.868503e+19
 2385 3.871206e+19
 2386 3.873497e+19
 2387 3.875667e+19
 2388 3.878445e+19
 2389 3.881178e+19
 2390 3.883828e+19
 2391 3.886603e+19
 2392 3.889190e+19
 2393 3.891614e+19
 2394 3.893788e+19
 2395 3.896587e+19
 2396 3.899314e+19
 2397 3.901548e+19
 2398 3.904624e+19
 2399 3.906972e+19
 2400 3.909711e+19
 2401 3.912153e+19
 2402 3.915309e+19
 2403 3.918077e+19
 2404 3.920053e+19
 2405 3.923173e+19
 2406 3.925905e+19
 2407 3.928663e+19
 2408 3.931004e+19
 2409 3.934573e+19
 2410 3.937108e+19
 2411 3.939477e+19
 2412 3.942108e+19
 2413 3.944755e+19
 2414 3.948372e+19
 2415 3.949861e+19
 2416 3.953522e+19
 2417 3.956001e+19
 2418 3.959121e+19
 2419 3.962300e+19
 2420 3.964212e+19
 2421 3.967428e+19
 2422 3.970327e+19
 2423 3.972552e+19
 2424 3.976130e+19
 2425 3.978556e+19
 2426 3.981812e+19
 2427 3.984709e+19
 2428 3.987795e+19
 2429 3.990326e+19
 2430 3.993638e+19
 2431 3.996653e+19
 2432 3.999585e+19
 2433 4.002290e+19
 2434 4.005664e+19
 2435 4.007859e+19
 2436 4.011304e+19
 2437 4.014513e+19
 2438 4.017518e+19
 2439 4.020328e+19
 2440 4.023685e+19
 2441 4.026352e+19
 2442 4.029488e+19
 2443 4.032567e+19
 2444 4.036096e+19
 2445 4.038603e+19
 2446 4.041953e+19
 2447 4.045308e+19
 2448 4.048194e+19
 2449 4.050727e+19
 2450 4.053708e+19
 2451 4.057465e+19
 2452 4.060183e+19
 2453 4.063240e+19
 2454 4.066597e+19
 2455 4.069675e+19
 2456 4.072731e+19
 2457 4.075482e+19
 2458 4.079600e+19
 2459 4.083255e+19
 2460 4.086430e+19
 2461 4.089366e+19
 2462 4.092389e+19
 2463 4.096276e+19
 2464 4.099163e+19
 2465 4.102744e+19
 2466 4.105790e+19
 2467 4.109006e+19
 2468 4.111903e+19
 2469 4.115495e+19
 2470 4.118977e+19
 2471 4.121333e+19
 2472 4.125754e+19
 2473 4.128457e+19
 2474 4.132320e+19
 2475 4.135449e+19
 2476 4.138326e+19
 2477 4.142565e+19
 2478 4.144886e+19
 2479 4.149227e+19
 2480 4.152253e+19
 2481 4.155829e+19
 2482 4.158852e+19
 2483 4.162112e+19
 2484 4.165982e+19
 2485 4.169613e+19
 2486 4.172635e+19
 2487 4.176026e+19
 2488 4.179912e+19
 2489 4.183275e+19
 2490 4.186454e+19
 2491 4.189692e+19
 2492 4.193384e+19
 2493 4.196630e+19
 2494 4.200295e+19
 2495 4.204166e+19
 2496 4.207399e+19
 2497 4.210782e+19
 2498 4.214694e+19
 2499 4.217710e+19
 2500 4.221292e+19
 2501 4.224265e+19
 2502 4.228409e+19
 2503 4.232358e+19
 2504 4.235908e+19
 2505 4.239087e+19
 2506 4.243128e+19
 2507 4.245704e+19
 2508 4.249606e+19
 2509 4.253739e+19
 2510 4.256834e+19
 2511 4.260229e+19
 2512 4.263956e+19
 2513 4.267667e+19
 2514 4.271638e+19
 2515 4.274675e+19
 2516 4.279037e+19
 2517 4.282294e+19
 2518 4.285574e+19
 2519 4.288873e+19
 2520 4.292471e+19
 2521 4.295553e+19
 2522 4.299953e+19
 2523 4.305252e+19
 2524 4.307400e+19
 2525 4.311047e+19
 2526 4.315420e+19
 2527 4.318302e+19
 2528 4.322648e+19
 2529 4.325206e+19
 2530 4.329424e+19
 2531 4.332814e+19
 2532 4.337160e+19
 2533 4.339782e+19
 2534 4.343422e+19
 2535 4.348555e+19
 2536 4.351641e+19
 2537 4.354637e+19
 2538 4.358178e+19
 2539 4.362029e+19
 2540 4.365497e+19
 2541 4.369383e+19
 2542 4.373605e+19
 2543 4.377285e+19
 2544 4.380857e+19
 2545 4.384304e+19
 2546 4.388909e+19
 2547 4.391491e+19
 2548 4.395797e+19
 2549 4.398830e+19
 2550 4.403023e+19
 2551 4.406572e+19
 2552 4.410171e+19
 2553 4.413754e+19
 2554 4.417681e+19
 2555 4.421726e+19
 2556 4.425171e+19
 2557 4.428578e+19
 2558 4.432282e+19
 2559 4.435467e+19
 2560 4.439751e+19
 2561 4.443657e+19
 2562 4.447034e+19
 2563 4.450924e+19
 2564 4.455127e+19
 2565 4.459084e+19
 2566 4.463267e+19
 2567 4.465817e+19
 2568 4.469427e+19
 2569 4.473688e+19
 2570 4.477601e+19
 2571 4.480438e+19
 2572 4.484137e+19
 2573 4.487649e+19
 2574 4.492618e+19
 2575 4.496181e+19
 2576 4.500542e+19
 2577 4.504331e+19
 2578 4.507026e+19
 2579 4.511068e+19
 2580 4.515650e+19
 2581 4.518289e+19
 2582 4.522486e+19
 2583 4.526216e+19
 2584 4.529717e+19
 2585 4.533564e+19
 2586 4.537867e+19
 2587 4.541268e+19
 2588 4.545623e+19
 2589 4.549413e+19
 2590 4.553282e+19
 2591 4.557829e+19
 2592 4.560740e+19
 2593 4.564284e+19
 2594 4.568814e+19
 2595 4.572024e+19
 2596 4.575468e+19
 2597 4.579532e+19
 2598 4.582389e+19
 2599 4.587338e+19
 2600 4.590620e+19
 2601 4.594178e+19
 2602 4.597850e+19
 2603 4.602306e+19
 2604 4.606510e+19
 2605 4.609952e+19
 2606 4.614312e+19
 2607 4.617542e+19
 2608 4.622095e+19
 2609 4.625129e+19
 2610 4.629111e+19
 2611 4.633576e+19
 2612 4.637112e+19
 2613 4.640454e+19
 2614 4.644374e+19
 2615 4.648528e+19
 2616 4.652369e+19
 2617 4.656658e+19
 2618 4.661383e+19
 2619 4.664068e+19
 2620 4.668121e+19
 2621 4.672326e+19
 2622 4.676316e+19
 2623 4.679585e+19
 2624 4.682657e+19
 2625 4.687349e+19
 2626 4.691161e+19
 2627 4.695421e+19
 2628 4.699753e+19
 2629 4.702724e+19
 2630 4.708183e+19
 2631 4.711441e+19
 2632 4.714512e+19
 2633 4.718252e+19
 2634 4.723388e+19
 2635 4.726892e+19
 2636 4.731164e+19
 2637 4.735171e+19
 2638 4.738583e+19
 2639 4.742127e+19
 2640 4.746784e+19
 2641 4.750668e+19
 2642 4.754559e+19
 2643 4.759346e+19
 2644 4.763007e+19
 2645 4.767315e+19
 2646 4.770928e+19
 2647 4.773842e+19
 2648 4.779386e+19
 2649 4.782570e+19
 2650 4.787501e+19
 2651 4.791183e+19
 2652 4.795110e+19
 2653 4.798044e+19
 2654 4.802936e+19
 2655 4.807118e+19
 2656 4.810528e+19
 2657 4.815260e+19
 2658 4.819562e+19
 2659 4.822953e+19
 2660 4.827494e+19
 2661 4.831519e+19
 2662 4.836322e+19
 2663 4.840471e+19
 2664 4.843592e+19
 2665 4.848213e+19
 2666 4.852522e+19
 2667 4.856010e+19
 2668 4.861214e+19
 2669 4.866044e+19
 2670 4.869407e+19
 2671 4.874186e+19
 2672 4.877695e+19
 2673 4.881406e+19
 2674 4.885630e+19
 2675 4.889832e+19
 2676 4.894294e+19
 2677 4.899225e+19
 2678 4.903417e+19
 2679 4.907542e+19
 2680 4.911392e+19
 2681 4.915527e+19
 2682 4.920429e+19
 2683 4.925299e+19
 2684 4.928813e+19
 2685 4.933562e+19
 2686 4.937499e+19
 2687 4.941738e+19
 2688 4.946861e+19
 2689 4.950827e+19
 2690 4.955275e+19
 2691 4.959414e+19
 2692 4.963481e+19
 2693 4.967504e+19
 2694 4.972075e+19
 2695 4.975976e+19
 2696 4.981267e+19
 2697 4.985334e+19
 2698 4.989118e+19
 2699 4.994894e+19
 2700 4.997721e+19
 2701 5.003735e+19
 2702 5.007692e+19
 2703 5.012492e+19
 2704 5.015492e+19
 2705 5.020664e+19
 2706 5.026186e+19
 2707 5.029680e+19
 2708 5.034336e+19
 2709 5.038068e+19
 2710 5.042634e+19
 2711 5.047455e+19
 2712 5.052219e+19
 2713 5.057551e+19
 2714 5.061635e+19
 2715 5.065933e+19
 2716 5.071063e+19
 2717 5.075001e+19
 2718 5.078677e+19
 2719 5.083626e+19
 2720 5.088572e+19
 2721 5.093191e+19
 2722 5.097936e+19
 2723 5.102183e+19
 2724 5.106647e+19
 2725 5.111384e+19
 2726 5.116495e+19
 2727 5.120996e+19
 2728 5.125333e+19
 2729 5.130679e+19
 2730 5.135852e+19
 2731 5.139119e+19
 2732 5.144030e+19
 2733 5.148142e+19
 2734 5.153162e+19
 2735 5.158168e+19
 2736 5.163645e+19
 2737 5.167412e+19
 2738 5.172372e+19
 2739 5.176989e+19
 2740 5.181215e+19
 2741 5.185903e+19
 2742 5.190723e+19
 2743 5.196542e+19
 2744 5.200763e+19
 2745 5.204676e+19
 2746 5.209024e+19
 2747 5.214698e+19
 2748 5.219716e+19
 2749 5.223590e+19
 2750 5.229379e+19
 2751 5.233694e+19
 2752 5.238463e+19
 2753 5.242623e+19
 2754 5.248237e+19
 2755 5.253309e+19
 2756 5.256780e+19
 2757 5.262474e+19
 2758 5.266724e+19
 2759 5.271905e+19
 2760 5.275484e+19
 2761 5.281073e+19
 2762 5.285946e+19
 2763 5.291035e+19
 2764 5.296854e+19
 2765 5.300450e+19
 2766 5.306608e+19
 2767 5.310471e+19
 2768 5.315682e+19
 2769 5.320529e+19
 2770 5.324703e+19
 2771 5.330159e+19
 2772 5.334436e+19
 2773 5.338892e+19
 2774 5.344231e+19
 2775 5.349405e+19
 2776 5.353781e+19
 2777 5.359245e+19
 2778 5.363657e+19
 2779 5.368742e+19
 2780 5.374044e+19
 2781 5.378452e+19
 2782 5.383188e+19
 2783 5.389429e+19
 2784 5.393543e+19
 2785 5.398841e+19
 2786 5.403727e+19
 2787 5.408138e+19
 2788 5.412432e+19
 2789 5.417853e+19
 2790 5.423629e+19
 2791 5.428476e+19
 2792 5.432974e+19
 2793 5.437786e+19
 2794 5.443287e+19
 2795 5.446571e+19
 2796 5.452854e+19
 2797 5.457946e+19
 2798 5.462773e+19
 2799 5.467599e+19
 2800 5.472056e+19
 2801 5.477856e+19
 2802 5.482269e+19
 2803 5.487284e+19
 2804 5.492171e+19
 2805 5.497039e+19
 2806 5.502927e+19
 2807 5.507453e+19
 2808 5.511772e+19
 2809 5.516829e+19
 2810 5.521854e+19
 2811 5.527344e+19
 2812 5.531373e+19
 2813 5.536587e+19
 2814 5.541675e+19
 2815 5.547630e+19
 2816 5.551422e+19
 2817 5.557109e+19
 2818 5.561257e+19
 2819 5.566254e+19
 2820 5.571501e+19
 2821 5.577005e+19
 2822 5.581242e+19
 2823 5.586490e+19
 2824 5.591800e+19
 2825 5.596544e+19
 2826 5.601482e+19
 2827 5.606896e+19
 2828 5.611152e+19
 2829 5.617323e+19
 2830 5.621987e+19
 2831 5.627739e+19
 2832 5.630096e+19
 2833 5.636741e+19
 2834 5.642083e+19
 2835 5.647878e+19
 2836 5.651460e+19
 2837 5.657118e+19
 2838 5.662520e+19
 2839 5.667062e+19
 2840 5.672328e+19
 2841 5.676972e+19
 2842 5.682133e+19
 2843 5.687848e+19
 2844 5.692270e+19
 2845 5.696811e+19
 2846 5.702182e+19
 2847 5.707366e+19
 2848 5.711582e+19
 2849 5.716677e+19
 2850 5.722029e+19
 2851 5.727497e+19
 2852 5.732309e+19
 2853 5.737071e+19
 2854 5.742532e+19
 2855 5.747123e+19
 2856 5.752046e+19
 2857 5.758790e+19
 2858 5.762474e+19
 2859 5.767789e+19
 2860 5.772579e+19
 2861 5.777982e+19
 2862 5.782657e+19
 2863 5.787575e+19
 2864 5.793198e+19
 2865 5.797501e+19
 2866 5.802918e+19
 2867 5.807837e+19
 2868 5.812924e+19
 2869 5.818097e+19
 2870 5.822029e+19
 2871 5.827841e+19
 2872 5.833663e+19
 2873 5.837893e+19
 2874 5.843638e+19
 2875 5.848348e+19
 2876 5.853973e+19
 2877 5.859501e+19
 2878 5.864326e+19
 2879 5.868697e+19
 2880 5.874659e+19
 2881 5.879210e+19
 2882 5.885100e+19
 2883 5.889547e+19
 2884 5.894098e+19
 2885 5.900305e+19
 2886 5.905501e+19
 2887 5.911283e+19
 2888 5.914966e+19
 2889 5.920516e+19
 2890 5.925147e+19
 2891 5.930735e+19
 2892 5.936288e+19
 2893 5.941701e+19
 2894 5.946393e+19
 2895 5.950610e+19
 2896 5.956287e+19
 2897 5.962403e+19
 2898 5.966571e+19
 2899 5.971309e+19
 2900 5.976516e+19
 2901 5.981973e+19
 2902 5.987924e+19
 2903 5.993505e+19
 2904 5.997424e+19
 2905 6.003302e+19
 2906 6.008742e+19
 2907 6.014009e+19
 2908 6.018245e+19
 2909 6.023541e+19
 2910 6.028361e+19
 2911 6.033788e+19
 2912 6.039642e+19
 2913 6.044089e+19
 2914 6.049569e+19
 2915 6.056345e+19
 2916 6.059140e+19
 2917 6.065553e+19
 2918 6.069984e+19
 2919 6.075821e+19
 2920 6.081029e+19
 2921 6.085485e+19
 2922 6.091188e+19
 2923 6.096867e+19
 2924 6.101199e+19
 2925 6.107386e+19
 2926 6.113467e+19
 2927 6.118317e+19
 2928 6.122105e+19
 2929 6.129061e+19
 2930 6.133030e+19
 2931 6.137847e+19
 2932 6.143691e+19
 2933 6.149494e+19
 2934 6.154178e+19
 2935 6.159441e+19
 2936 6.164399e+19
 2937 6.170940e+19
 2938 6.175408e+19
 2939 6.180379e+19
 2940 6.186718e+19
 2941 6.191878e+19
 2942 6.197068e+19
 2943 6.202810e+19
 2944 6.206815e+19
 2945 6.213035e+19
 2946 6.217565e+19
 2947 6.223540e+19
 2948 6.229459e+19
 2949 6.234302e+19
 2950 6.238831e+19
 2951 6.244085e+19
 2952 6.249841e+19
 2953 6.255454e+19
 2954 6.261068e+19
 2955 6.265088e+19
 2956 6.269922e+19
 2957 6.276499e+19
 2958 6.281750e+19
 2959 6.287248e+19
 2960 6.292588e+19
 2961 6.297936e+19
 2962 6.303269e+19
 2963 6.309589e+19
 2964 6.314028e+19
 2965 6.319520e+19
 2966 6.325029e+19
 2967 6.330631e+19
 2968 6.335513e+19
 2969 6.339914e+19
 2970 6.345135e+19
 2971 6.351319e+19
 2972 6.356374e+19
 2973 6.361386e+19
 2974 6.367389e+19
 2975 6.373200e+19
 2976 6.377167e+19
 2977 6.384267e+19
 2978 6.388627e+19
 2979 6.394051e+19
 2980 6.400603e+19
 2981 6.405467e+19
 2982 6.410364e+19
 2983 6.416241e+19
 2984 6.421446e+19
 2985 6.426555e+19
 2986 6.432695e+19
 2987 6.438054e+19
 2988 6.443730e+19
 2989 6.448692e+19
 2990 6.452780e+19
 2991 6.458740e+19
 2992 6.463419e+19
 2993 6.469577e+19
 2994 6.474617e+19
 2995 6.481291e+19
 2996 6.485369e+19
 2997 6.491330e+19
 2998 6.496601e+19
 2999 6.502547e+19
 3000 6.508175e+19
 3001 6.513193e+19
 3002 6.518121e+19
 3003 6.523629e+19
 3004 6.528875e+19
 3005 6.534779e+19
 3006 6.539463e+19
 3007 6.545125e+19
 3008 6.550530e+19
 3009 6.555874e+19
 3010 6.561039e+19
 3011 6.566453e+19
 3012 6.571590e+19
 3013 6.577059e+19
 3014 6.583284e+19
 3015 6.587679e+19
 3016 6.592768e+19
 3017 6.599059e+19
 3018 6.603472e+19
 3019 6.609236e+19
 3020 6.614504e+19
 3021 6.619947e+19
 3022 6.626094e+19
 3023 6.630819e+19
 3024 6.636252e+19
 3025 6.640929e+19
 3026 6.646693e+19
 3027 6.651357e+19
 3028 6.657011e+19
 3029 6.662676e+19
 3030 6.667088e+19
 3031 6.672786e+19
 3032 6.677866e+19
 3033 6.683509e+19
 3034 6.689342e+19
 3035 6.694571e+19
 3036 6.698591e+19
 3037 6.704759e+19
 3038 6.709545e+19
 3039 6.714644e+19
 3040 6.720304e+19
 3041 6.725574e+19
 3042 6.730825e+19
 3043 6.736765e+19
 3044 6.740683e+19
 3045 6.745537e+19
 3046 6.751423e+19
 3047 6.756685e+19
 3048 6.761557e+19
 3049 6.766687e+19
 3050 6.771880e+19
 3051 6.778226e+19
 3052 6.781806e+19
 3053 6.788415e+19
 3054 6.792665e+19
 3055 6.798152e+19
 3056 6.802832e+19
 3057 6.807689e+19
 3058 6.813061e+19
 3059 6.818604e+19
 3060 6.824336e+19
 3061 6.830328e+19
 3062 6.834828e+19
 3063 6.838658e+19
 3064 6.843553e+19
 3065 6.848765e+19
 3066 6.853460e+19
 3067 6.859304e+19
 3068 6.863436e+19
 3069 6.868555e+19
 3070 6.873545e+19
 3071 6.879215e+19
 3072 6.884096e+19
 3073 6.889543e+19
 3074 6.894508e+19
 3075 6.900320e+19
 3076 6.903156e+19
 3077 6.908148e+19
 3078 6.913514e+19
 3079 6.919057e+19
 3080 6.924528e+19
 3081 6.929816e+19
 3082 6.934502e+19
 3083 6.938978e+19
 3084 6.943385e+19
 3085 6.948656e+19
 3086 6.954933e+19
 3087 6.958156e+19
 3088 6.963507e+19
 3089 6.968032e+19
 3090 6.972228e+19
 3091 6.977858e+19
 3092 6.982732e+19
 3093 6.987853e+19
 3094 6.991947e+19
 3095 6.996987e+19
 3096 7.002005e+19
 3097 7.006728e+19
 3098 7.011750e+19
 3099 7.015520e+19
 3100 7.021698e+19
 3101 7.026489e+19
 3102 7.031076e+19
 3103 7.034977e+19
 3104 7.039287e+19
 3105 7.044660e+19
 3106 7.049910e+19
 3107 7.054252e+19
 3108 7.058931e+19
 3109 7.064108e+19
 3110 7.067870e+19
 3111 7.072493e+19
 3112 7.077281e+19
 3113 7.081763e+19
 3114 7.086716e+19
 3115 7.091349e+19
 3116 7.095670e+19
 3117 7.099432e+19
 3118 7.104390e+19
 3119 7.109012e+19
 3120 7.113745e+19
 3121 7.118287e+19
 3122 7.123586e+19
 3123 7.128107e+19
 3124 7.131873e+19
 3125 7.136685e+19
 3126 7.141316e+19
 3127 7.145475e+19
 3128 7.150049e+19
 3129 7.155414e+19
 3130 7.159487e+19
 3131 7.163618e+19
 3132 7.168063e+19
 3133 7.172723e+19
 3134 7.176724e+19
 3135 7.180804e+19
 3136 7.185281e+19
 3137 7.190225e+19
 3138 7.194423e+19
 3139 7.198343e+19
 3140 7.202457e+19
 3141 7.207661e+19
 3142 7.212573e+19
 3143 7.216581e+19
 3144 7.220529e+19
 3145 7.224282e+19
 3146 7.229448e+19
 3147 7.233515e+19
 3148 7.237142e+19
 3149 7.241861e+19
 3150 7.245967e+19
 3151 7.250974e+19
 3152 7.254222e+19
 3153 7.259364e+19
 3154 7.262794e+19
 3155 7.266809e+19
 3156 7.271906e+19
 3157 7.275972e+19
 3158 7.279776e+19
 3159 7.283775e+19
 3160 7.288485e+19
 3161 7.292793e+19
 3162 7.296234e+19
 3163 7.300263e+19
 3164 7.304536e+19
 3165 7.308912e+19
 3166 7.313201e+19
 3167 7.317496e+19
 3168 7.321520e+19
 3169 7.325768e+19
 3170 7.329687e+19
 3171 7.333199e+19
 3172 7.337712e+19
 3173 7.341585e+19
 3174 7.346486e+19
 3175 7.349617e+19
 3176 7.353462e+19
 3177 7.358160e+19
 3178 7.362260e+19
 3179 7.365437e+19
 3180 7.369901e+19
 3181 7.374516e+19
 3182 7.378116e+19
 3183 7.382606e+19
 3184 7.386602e+19
 3185 7.389909e+19
 3186 7.394415e+19
 3187 7.398383e+19
 3188 7.402215e+19
 3189 7.406627e+19
 3190 7.409953e+19
 3191 7.413848e+19
 3192 7.418270e+19
 3193 7.421825e+19
 3194 7.425887e+19
 3195 7.429832e+19
 3196 7.432943e+19
 3197 7.437144e+19
 3198 7.440851e+19
 3199 7.444516e+19
 3200 7.449280e+19
 3201 7.453030e+19
 3202 7.457128e+19
 3203 7.460796e+19
 3204 7.464609e+19
 3205 7.467444e+19
 3206 7.471421e+19
 3207 7.475414e+19
 3208 7.479282e+19
 3209 7.483142e+19
 3210 7.486842e+19
 3211 7.491139e+19
 3212 7.494436e+19
 3213 7.498131e+19
 3214 7.502562e+19
 3215 7.505144e+19
 3216 7.508979e+19
 3217 7.513201e+19
 3218 7.517412e+19
 3219 7.520661e+19
 3220 7.524294e+19
 3221 7.527932e+19
 3222 7.531801e+19
 3223 7.534776e+19
 3224 7.539113e+19
 3225 7.543542e+19
 3226 7.546753e+19
 3227 7.550228e+19
 3228 7.554072e+19
 3229 7.557373e+19
 3230 7.561175e+19
 3231 7.564367e+19
 3232 7.569169e+19
 3233 7.571680e+19
 3234 7.575295e+19
 3235 7.579052e+19
 3236 7.582637e+19
 3237 7.586631e+19
 3238 7.589689e+19
 3239 7.593473e+19
 3240 7.597407e+19
 3241 7.600352e+19
 3242 7.603518e+19
 3243 7.606800e+19
 3244 7.611187e+19
 3245 7.614068e+19
 3246 7.618785e+19
 3247 7.621375e+19
 3248 7.625194e+19
 3249 7.628552e+19
 3250 7.632425e+19
 3251 7.635866e+19
 3252 7.639244e+19
 3253 7.642328e+19
 3254 7.645710e+19
 3255 7.649157e+19
 3256 7.652397e+19
 3257 7.655374e+19
 3258 7.659375e+19
 3259 7.662320e+19
 3260 7.666033e+19
 3261 7.668909e+19
 3262 7.672210e+19
 3263 7.676271e+19
 3264 7.679254e+19
 3265 7.682612e+19
 3266 7.685627e+19
 3267 7.688954e+19
 3268 7.692328e+19
 3269 7.695733e+19
 3270 7.699178e+19
 3271 7.701793e+19
 3272 7.704952e+19
 3273 7.708318e+19
 3274 7.712191e+19
 3275 7.715247e+19
 3276 7.717914e+19
 3277 7.721822e+19
 3278 7.724721e+19
 3279 7.727473e+19
 3280 7.731031e+19
 3281 7.733886e+19
 3282 7.736823e+19
 3283 7.740076e+19
 3284 7.743020e+19
 3285 7.746096e+19
 3286 7.749248e+19
 3287 7.752024e+19
 3288 7.755766e+19
 3289 7.758883e+19
 3290 7.761557e+19
 3291 7.764557e+19
 3292 7.767405e+19
 3293 7.770160e+19
 3294 7.773555e+19
 3295 7.776653e+19
 3296 7.779127e+19
 3297 7.782554e+19
 3298 7.785026e+19
 3299 7.788214e+19
 3300 7.790900e+19
 3301 7.793735e+19
 3302 7.796883e+19
 3303 7.799754e+19
 3304 7.802596e+19
 3305 7.805129e+19
 3306 7.808184e+19
 3307 7.810398e+19
 3308 7.813571e+19
 3309 7.816389e+19
 3310 7.818940e+19
 3311 7.822118e+19
 3312 7.824676e+19
 3313 7.826929e+19
 3314 7.829731e+19
 3315 7.832191e+19
 3316 7.834833e+19
 3317 7.837285e+19
 3318 7.839969e+19
 3319 7.842600e+19
 3320 7.845521e+19
 3321 7.848046e+19
 3322 7.850868e+19
 3323 7.852816e+19
 3324 7.855633e+19
 3325 7.858789e+19
 3326 7.860889e+19
 3327 7.862908e+19
 3328 7.865524e+19
 3329 7.867726e+19
 3330 7.870446e+19
 3331 7.872662e+19
 3332 7.875605e+19
 3333 7.877568e+19
 3334 7.879789e+19
 3335 7.882238e+19
 3336 7.884497e+19
 3337 7.886296e+19
 3338 7.889437e+19
 3339 7.891607e+19
 3340 7.893715e+19
 3341 7.896087e+19
 3342 7.898049e+19
 3343 7.899928e+19
 3344 7.902125e+19
 3345 7.904412e+19
 3346 7.907056e+19
 3347 7.908986e+19
 3348 7.911109e+19
 3349 7.913480e+19
 3350 7.915552e+19
 3351 7.917366e+19
 3352 7.919456e+19
 3353 7.921407e+19
 3354 7.923676e+19
 3355 7.925377e+19
 3356 7.927231e+19
 3357 7.929528e+19
 3358 7.931755e+19
 3359 7.933251e+19
 3360 7.935581e+19
 3361 7.936989e+19
 3362 7.939169e+19
 3363 7.940954e+19
 3364 7.942711e+19
 3365 7.944605e+19
 3366 7.946662e+19
 3367 7.948411e+19
 3368 7.949999e+19
 3369 7.951901e+19
 3370 7.953592e+19
 3371 7.955422e+19
 3372 7.957312e+19
 3373 7.959010e+19
 3374 7.960796e+19
 3375 7.962119e+19
 3376 7.963523e+19
 3377 7.965567e+19
 3378 7.967520e+19
 3379 7.968570e+19
 3380 7.970590e+19
 3381 7.971829e+19
 3382 7.973457e+19
 3383 7.975254e+19
 3384 7.976375e+19
 3385 7.977844e+19
 3386 7.979565e+19
 3387 7.981108e+19
 3388 7.982629e+19
 3389 7.983951e+19
 3390 7.985526e+19
 3391 7.986956e+19
 3392 7.988600e+19
 3393 7.989851e+19
 3394 7.991317e+19
 3395 7.992287e+19
 3396 7.993788e+19
 3397 7.995243e+19
 3398 7.996732e+19
 3399 7.997813e+19
 3400 7.999427e+19
 3401 8.000372e+19
 3402 8.001410e+19
 3403 8.002748e+19
 3404 8.003822e+19
 3405 8.005190e+19
 3406 8.006340e+19
 3407 8.007574e+19
 3408 8.008629e+19
 3409 8.010002e+19
 3410 8.011149e+19
 3411 8.012410e+19
 3412 8.013407e+19
 3413 8.014508e+19
 3414 8.015754e+19
 3415 8.016366e+19
 3416 8.017624e+19
 3417 8.018665e+19
 3418 8.019754e+19
 3419 8.020601e+19
 3420 8.021773e+19
 3421 8.022696e+19
 3422 8.023621e+19
 3423 8.024597e+19
 3424 8.025543e+19
 3425 8.026756e+19
 3426 8.027412e+19
 3427 8.028416e+19
 3428 8.029257e+19
 3429 8.030099e+19
 3430 8.031112e+19
 3431 8.031836e+19
 3432 8.032539e+19
 3433 8.033527e+19
 3434 8.034497e+19
 3435 8.034900e+19
 3436 8.035516e+19
 3437 8.036582e+19
 3438 8.037513e+19
 3439 8.038122e+19
 3440 8.039055e+19
 3441 8.039721e+19
 3442 8.040205e+19
 3443 8.041130e+19
 3444 8.041716e+19
 3445 8.042424e+19
 3446 8.042973e+19
 3447 8.043334e+19
 3448 8.044383e+19
 3449 8.044939e+19
 3450 8.045627e+19
 3451 8.046179e+19
 3452 8.046878e+19
 3453 8.047277e+19
 3454 8.048007e+19
 3455 8.048140e+19
 3456 8.048934e+19
 3457 8.049545e+19
 3458 8.050128e+19
 3459 8.050459e+19
 3460 8.050997e+19
 3461 8.051437e+19
 3462 8.052089e+19
 3463 8.052263e+19
 3464 8.052831e+19
 3465 8.053273e+19
 3466 8.053777e+19
 3467 8.053951e+19
 3468 8.054684e+19
 3469 8.054984e+19
 3470 8.055167e+19
 3471 8.055646e+19
 3472 8.056052e+19
 3473 8.056125e+19
 3474 8.056485e+19
 3475 8.056909e+19
 3476 8.057345e+19
 3477 8.057322e+19
 3478 8.057789e+19
 3479 8.058204e+19
 3480 8.058190e+19
 3481 8.058619e+19
 3482 8.058758e+19
 3483 8.058862e+19
 3484 8.059289e+19
 3485 8.059349e+19
 3486 8.059542e+19
 3487 8.059523e+19
 3488 8.059804e+19
 3489 8.059860e+19
 3490 8.059968e+19
 3491 8.060145e+19
 3492 8.060287e+19
 3493 8.060527e+19
 3494 8.060415e+19
 3495 8.060445e+19
 3496 8.060550e+19
 3497 8.060637e+19
 3498 8.060594e+19
 3499 8.060457e+19
 3500 8.060596e+19
 3501 8.060427e+19
 3502 8.060519e+19
 3503 8.060315e+19
 3504 8.060272e+19
 3505 8.060279e+19
 3506 8.060415e+19
 3507 8.060053e+19
 3508 8.060083e+19
 3509 8.059818e+19
 3510 8.059669e+19
 3511 8.059527e+19
 3512 8.059419e+19
 3513 8.059188e+19
 3514 8.058936e+19
 3515 8.058672e+19
 3516 8.058570e+19
 3517 8.058128e+19
 3518 8.057833e+19
 3519 8.057620e+19
 3520 8.057555e+19
 3521 8.056955e+19
 3522 8.056880e+19
 3523 8.056438e+19
 3524 8.056172e+19
 3525 8.055627e+19
 3526 8.055369e+19
 3527 8.054913e+19
 3528 8.054462e+19
 3529 8.053975e+19
 3530 8.053386e+19
 3531 8.052839e+19
 3532 8.052646e+19
 3533 8.052203e+19
 3534 8.051871e+19
 3535 8.050816e+19
 3536 8.050725e+19
 3537 8.049958e+19
 3538 8.049387e+19
 3539 8.048590e+19
 3540 8.048148e+19
 3541 8.047248e+19
 3542 8.047002e+19
 3543 8.046202e+19
 3544 8.045284e+19
 3545 8.044600e+19
 3546 8.043942e+19
 3547 8.043270e+19
 3548 8.042664e+19
 3549 8.041355e+19
 3550 8.040867e+19
 3551 8.040257e+19
 3552 8.039265e+19
 3553 8.038450e+19
 3554 8.037576e+19
 3555 8.036844e+19
 3556 8.035999e+19
 3557 8.034688e+19
 3558 8.034165e+19
 3559 8.032661e+19
 3560 8.032112e+19
 3561 8.030619e+19
 3562 8.029942e+19
 3563 8.028867e+19
 3564 8.027727e+19
 3565 8.026947e+19
 3566 8.025317e+19
 3567 8.024593e+19
 3568 8.023619e+19
 3569 8.022181e+19
 3570 8.020878e+19
 3571 8.019977e+19
 3572 8.018779e+19
 3573 8.016986e+19
 3574 8.016186e+19
 3575 8.014539e+19
 3576 8.013407e+19
 3577 8.012361e+19
 3578 8.010948e+19
 3579 8.009522e+19
 3580 8.008183e+19
 3581 8.006388e+19
 3582 8.005214e+19
 3583 8.003850e+19
 3584 8.002498e+19
 3585 8.001081e+19
 3586 7.999318e+19
 3587 7.997633e+19
 3588 7.996278e+19
 3589 7.994470e+19
 3590 7.992861e+19
 3591 7.991533e+19
 3592 7.990225e+19
 3593 7.988188e+19
 3594 7.986891e+19
 3595 7.984621e+19
 3596 7.983131e+19
 3597 7.981117e+19
 3598 7.979522e+19
 3599 7.977953e+19
 3600 7.975940e+19
 3601 7.973710e+19
 3602 7.972474e+19
 3603 7.970210e+19
 3604 7.968883e+19
 3605 7.967170e+19
 3606 7.965016e+19
 3607 7.962982e+19
 3608 7.961132e+19
 3609 7.959086e+19
 3610 7.957108e+19
 3611 7.955285e+19
 3612 7.952986e+19
 3613 7.951154e+19
 3614 7.949122e+19
 3615 7.946590e+19
 3616 7.944918e+19
 3617 7.942047e+19
 3618 7.940692e+19
 3619 7.938173e+19
 3620 7.935741e+19
 3621 7.933820e+19
 3622 7.931807e+19
 3623 7.929323e+19
 3624 7.926284e+19
 3625 7.925143e+19
 3626 7.922390e+19
 3627 7.920048e+19
 3628 7.918106e+19
 3629 7.915356e+19
 3630 7.913218e+19
 3631 7.910550e+19
 3632 7.908249e+19
 3633 7.905699e+19
 3634 7.903408e+19
 3635 7.900976e+19
 3636 7.898552e+19
 3637 7.895519e+19
 3638 7.893085e+19
 3639 7.890224e+19
 3640 7.888492e+19
 3641 7.885412e+19
 3642 7.883052e+19
 3643 7.880387e+19
 3644 7.877974e+19
 3645 7.875001e+19
 3646 7.872324e+19
 3647 7.869857e+19
 3648 7.866940e+19
 3649 7.864175e+19
 3650 7.862258e+19
 3651 7.859439e+19
 3652 7.855981e+19
 3653 7.853901e+19
 3654 7.850954e+19
 3655 7.848618e+19
 3656 7.845495e+19
 3657 7.842226e+19
 3658 7.839429e+19
 3659 7.836624e+19
 3660 7.834566e+19
 3661 7.830906e+19
 3662 7.827780e+19
 3663 7.824519e+19
 3664 7.822278e+19
 3665 7.819292e+19
 3666 7.816543e+19
 3667 7.813480e+19
 3668 7.810549e+19
 3669 7.807286e+19
 3670 7.804687e+19
 3671 7.801236e+19
 3672 7.797991e+19
 3673 7.795517e+19
 3674 7.792707e+19
 3675 7.788794e+19
 3676 7.786076e+19
 3677 7.782875e+19
 3678 7.780269e+19
 3679 7.777050e+19
 3680 7.774284e+19
 3681 7.770943e+19
 3682 7.767612e+19
 3683 7.764153e+19
 3684 7.761133e+19
 3685 7.757960e+19
 3686 7.754354e+19
 3687 7.751904e+19
 3688 7.748681e+19
 3689 7.745563e+19
 3690 7.742046e+19
 3691 7.739284e+19
 3692 7.735556e+19
 3693 7.732457e+19
 3694 7.729143e+19
 3695 7.725483e+19
 3696 7.722524e+19
 3697 7.719658e+19
 3698 7.715682e+19
 3699 7.712408e+19
 3700 7.709424e+19
 3701 7.706510e+19
 3702 7.703585e+19
 3703 7.699272e+19
 3704 7.696557e+19
 3705 7.693321e+19
 3706 7.689362e+19
 3707 7.686619e+19
 3708 7.683015e+19
 3709 7.679436e+19
 3710 7.676652e+19
 3711 7.673501e+19
 3712 7.669122e+19
 3713 7.666569e+19
 3714 7.663496e+19
 3715 7.659775e+19
 3716 7.656793e+19
 3717 7.652433e+19
 3718 7.649311e+19
 3719 7.645621e+19
 3720 7.642728e+19
 3721 7.638648e+19
 3722 7.635603e+19
 3723 7.632067e+19
 3724 7.629099e+19
 3725 7.625550e+19
 3726 7.621985e+19
 3727 7.618269e+19
 3728 7.615586e+19
 3729 7.611776e+19
 3730 7.608585e+19
 3731 7.604832e+19
 3732 7.601907e+19
 3733 7.597906e+19
 3734 7.594128e+19
 3735 7.591085e+19
 3736 7.587877e+19
 3737 7.583222e+19
 3738 7.580402e+19
 3739 7.577263e+19
 3740 7.574002e+19
 3741 7.569977e+19
 3742 7.566925e+19
 3743 7.562770e+19
 3744 7.559647e+19
 3745 7.556023e+19
 3746 7.552775e+19
 3747 7.548787e+19
 3748 7.545415e+19
 3749 7.541944e+19
 3750 7.539005e+19
 3751 7.534724e+19
 3752 7.532545e+19
 3753 7.528533e+19
 3754 7.524750e+19
 3755 7.521064e+19
 3756 7.517151e+19
 3757 7.513483e+19
 3758 7.510424e+19
 3759 7.506707e+19
 3760 7.503527e+19
 3761 7.500127e+19
 3762 7.495805e+19
 3763 7.492669e+19
 3764 7.489000e+19
 3765 7.484661e+19
 3766 7.481328e+19
 3767 7.478589e+19
 3768 7.474570e+19
 3769 7.470944e+19
 3770 7.467102e+19
 3771 7.463397e+19
 3772 7.460009e+19
 3773 7.457021e+19
 3774 7.453081e+19
 3775 7.449136e+19
 3776 7.445738e+19
 3777 7.441982e+19
 3778 7.438227e+19
 3779 7.434568e+19
 3780 7.431704e+19
 3781 7.427463e+19
 3782 7.423825e+19
 3783 7.419974e+19
 3784 7.415668e+19
 3785 7.411619e+19
 3786 7.408783e+19
 3787 7.405595e+19
 3788 7.401580e+19
 3789 7.397826e+19
 3790 7.393886e+19
 3791 7.390364e+19
 3792 7.386536e+19
 3793 7.382272e+19
 3794 7.379230e+19
 3795 7.375394e+19
 3796 7.371255e+19
 3797 7.367501e+19
 3798 7.363222e+19
 3799 7.359993e+19
 3800 7.356593e+19
 3801 7.352291e+19
 3802 7.348157e+19
 3803 7.344490e+19
 3804 7.340393e+19
 3805 7.336335e+19
 3806 7.332322e+19
 3807 7.329427e+19
 3808 7.325426e+19
 3809 7.320594e+19
 3810 7.317102e+19
 3811 7.313423e+19
 3812 7.308795e+19
 3813 7.304814e+19
 3814 7.301225e+19
 3815 7.297281e+19
 3816 7.293410e+19
 3817 7.288809e+19
 3818 7.284826e+19
 3819 7.281339e+19
 3820 7.276908e+19
 3821 7.272620e+19
 3822 7.268900e+19
 3823 7.264578e+19
 3824 7.261125e+19
 3825 7.256535e+19
 3826 7.252952e+19
 3827 7.248936e+19
 3828 7.243890e+19
 3829 7.240205e+19
 3830 7.235945e+19
 3831 7.232193e+19
 3832 7.227068e+19
 3833 7.222198e+19
 3834 7.218692e+19
 3835 7.214411e+19
 3836 7.210370e+19
 3837 7.206133e+19
 3838 7.201523e+19
 3839 7.197406e+19
 3840 7.193300e+19
 3841 7.188203e+19
 3842 7.183670e+19
 3843 7.179821e+19
 3844 7.174351e+19
 3845 7.170920e+19
 3846 7.165968e+19
 3847 7.162457e+19
 3848 7.157325e+19
 3849 7.153508e+19
 3850 7.148654e+19
 3851 7.144273e+19
 3852 7.139716e+19
 3853 7.135002e+19
 3854 7.130846e+19
 3855 7.125398e+19
 3856 7.120298e+19
 3857 7.116289e+19
 3858 7.111183e+19
 3859 7.106889e+19
 3860 7.102278e+19
 3861 7.096649e+19
 3862 7.092827e+19
 3863 7.088091e+19
 3864 7.083016e+19
 3865 7.078066e+19
 3866 7.073445e+19
 3867 7.069435e+19
 3868 7.063880e+19
 3869 7.058494e+19
 3870 7.053947e+19
 3871 7.049348e+19
 3872 7.043185e+19
 3873 7.038813e+19
 3874 7.034377e+19
 3875 7.029329e+19
 3876 7.024193e+19
 3877 7.019158e+19
 3878 7.013306e+19
 3879 7.009329e+19
 3880 7.004015e+19
 3881 6.998271e+19
 3882 6.993933e+19
 3883 6.987875e+19
 3884 6.983174e+19
 3885 6.977478e+19
 3886 6.971815e+19
 3887 6.967465e+19
 3888 6.961956e+19
 3889 6.956306e+19
 3890 6.951480e+19
 3891 6.946482e+19
 3892 6.940566e+19
 3893 6.935297e+19
 3894 6.930630e+19
 3895 6.925184e+19
 3896 6.919767e+19
 3897 6.913754e+19
 3898 6.907626e+19
 3899 6.902630e+19
 3900 6.897907e+19
 3901 6.891969e+19
 3902 6.886563e+19
 3903 6.881516e+19
 3904 6.874785e+19
 3905 6.870081e+19
 3906 6.863398e+19
 3907 6.858467e+19
 3908 6.853219e+19
 3909 6.847277e+19
 3910 6.841909e+19
 3911 6.835765e+19
 3912 6.829295e+19
 3913 6.824193e+19
 3914 6.818630e+19
 3915 6.813076e+19
 3916 6.806442e+19
 3917 6.801272e+19
 3918 6.794910e+19
 3919 6.790357e+19
 3920 6.783196e+19
 3921 6.778030e+19
 3922 6.771726e+19
 3923 6.766436e+19
 3924 6.760341e+19
 3925 6.754867e+19
 3926 6.748522e+19
 3927 6.741123e+19
 3928 6.736220e+19
 3929 6.730601e+19
 3930 6.723386e+19
 3931 6.719123e+19
 3932 6.712296e+19
 3933 6.706085e+19
 3934 6.699517e+19
 3935 6.695521e+19
 3936 6.688150e+19
 3937 6.681513e+19
 3938 6.676347e+19
 3939 6.670198e+19
 3940 6.663986e+19
 3941 6.656841e+19
 3942 6.651402e+19
 3943 6.646265e+19
 3944 6.639068e+19
 3945 6.634676e+19
 3946 6.627240e+19
 3947 6.621388e+19
 3948 6.614536e+19
 3949 6.608284e+19
 3950 6.601775e+19
 3951 6.596694e+19
 3952 6.590183e+19
 3953 6.583902e+19
 3954 6.577550e+19
 3955 6.571769e+19
 3956 6.565299e+19
 3957 6.558972e+19
 3958 6.551572e+19
 3959 6.546582e+19
 3960 6.539623e+19
 3961 6.533292e+19
 3962 6.527665e+19
 3963 6.520921e+19
 3964 6.515125e+19
 3965 6.508819e+19
 3966 6.503122e+19
 3967 6.495160e+19
 3968 6.489736e+19
 3969 6.482103e+19
 3970 6.475841e+19
 3971 6.471286e+19
 3972 6.464227e+19
 3973 6.458145e+19
 3974 6.451754e+19
 3975 6.444303e+19
 3976 6.439640e+19
 3977 6.433557e+19
 3978 6.426000e+19
 3979 6.420637e+19
 3980 6.413859e+19
 3981 6.407448e+19
 3982 6.401424e+19
 3983 6.394555e+19
 3984 6.387786e+19
 3985 6.382865e+19
 3986 6.376191e+19
 3987 6.369998e+19
 3988 6.363492e+19
 3989 6.357718e+19
 3990 6.350593e+19
 3991 6.345141e+19
 3992 6.338361e+19
 3993 6.332924e+19
 3994 6.325523e+19
 3995 6.319029e+19
 3996 6.313696e+19
 3997 6.307230e+19
 3998 6.300097e+19
 3999 6.293961e+19
